0.00000391 0.00000054 0.99992061 0.00007485 0.00000009 0.00000006
0.00000119 0.00000007 0.99980015 0.00019717 0.00000141 0.00000000
0.00000001 0.00000000 0.00000000 0.00000000 0.00000061 0.99999940
0.00000126 0.97903204 0.00000236 0.02096416 0.00000011 0.00000000
0.00000006 0.00000000 0.00001166 0.00000000 0.00000002 0.99998820
0.00006014 0.00000040 0.99993098 0.00000730 0.00000028 0.00000084
0.00000002 0.00000000 0.00000087 0.00000000 0.00000000 0.99999905
0.00000011 0.99999762 0.00000000 0.00000133 0.00000099 0.00000000
0.00000001 0.00000000 0.00000000 0.00000000 0.00000004 1.00000000
0.00000003 0.00000000 0.00000190 0.00000000 0.00002355 0.99997449
0.00000001 0.00000000 0.00000000 0.00000000 0.00000003 1.00000000
0.00000027 0.00000000 0.99993467 0.00006503 0.00000001 0.00000002
0.00000801 0.00000256 0.99904901 0.00093993 0.00000043 0.00000007
0.00000003 0.00000000 0.00000002 0.00000000 0.00000000 1.00000000
0.00000324 0.00000319 0.99997234 0.00002111 0.00000007 0.00000000
0.00000623 0.00082945 0.01565049 0.98350948 0.00000065 0.00000372
0.00000036 0.99869508 0.00000009 0.00130451 0.00000001 0.00000004
0.00000011 0.00000000 0.00000012 0.00000000 0.00000277 0.99999702
0.99945170 0.00000000 0.00000067 0.00000001 0.00054421 0.00000329
0.99901330 0.00000001 0.00001592 0.00000066 0.00081660 0.00015343
0.00000005 0.00000014 0.00382446 0.99617034 0.00000507 0.00000002
0.00000184 0.00040401 0.00116903 0.99842441 0.00000002 0.00000072
0.00000002 0.99997890 0.00000000 0.00002111 0.00000000 0.00000000
0.00000013 0.00000000 0.00000001 0.00000000 0.00000422 0.99999559
0.00000004 0.65669405 0.00000131 0.25716507 0.08613952 0.00000001
0.99349940 0.00000945 0.00648819 0.00000001 0.00000232 0.00000057
0.00000001 0.00000000 0.00000144 0.00000000 0.00000001 0.99999857
0.00000011 0.98526371 0.00000002 0.01472850 0.00000765 0.00000000
0.00000000 0.00000534 0.00004196 0.99943298 0.00051928 0.00000044
0.00000007 0.99999177 0.00000000 0.00000814 0.00000001 0.00000000
0.00000090 0.00000000 0.00000000 0.00000000 0.00000017 0.99999893
0.00000056 0.00000000 0.00000002 0.00000000 0.00000894 0.99999046
0.00000042 0.00000000 0.00000000 0.00000000 0.00000023 0.99999940
0.00008750 0.00000000 0.00000004 0.00000000 0.00006302 0.99984944
0.96740371 0.00000002 0.00000020 0.00000501 0.03258952 0.00000150
0.00000005 0.99999106 0.00000000 0.00000880 0.00000003 0.00000000
0.00000001 0.00000000 0.00000334 0.00000000 0.00000060 0.99999607
0.00000030 0.64666826 0.00173318 0.35158741 0.00001080 0.00000000
0.00000091 0.01717653 0.00000965 0.98281294 0.00000003 0.00000000
0.00000018 0.00002653 0.99387556 0.00609740 0.00000004 0.00000022
0.00000013 0.00000226 0.99999309 0.00000450 0.00000001 0.00000000
0.00000000 0.00000000 0.00000001 0.00000000 0.00000003 1.00000000
0.00000508 0.00000209 0.99790913 0.00208295 0.00000079 0.00000000
0.00000116 0.00857747 0.00000064 0.99142039 0.00000015 0.00000017
0.00001341 0.00000187 0.99959201 0.00039204 0.00000047 0.00000013
0.00000001 0.00000000 0.00000000 0.00000000 0.00000001 1.00000000
0.00013131 0.00000004 0.00000016 0.00022689 0.99957138 0.00007029
0.00000004 0.00000030 0.99999475 0.00000479 0.00000006 0.00000001
0.00000002 0.00000000 0.00000001 0.00000000 0.00000001 1.00000000
0.00000000 0.99995673 0.00000000 0.00004332 0.00000005 0.00000000
0.00000013 0.00000839 0.99909449 0.00089693 0.00000002 0.00000009
0.00000001 0.99995792 0.00000000 0.00003823 0.00000384 0.00000000
0.00128429 0.00000339 0.99870121 0.00001060 0.00000033 0.00000020
0.00002370 0.00003728 0.02479640 0.97513276 0.00000013 0.00000973
0.00006205 0.00000391 0.99987948 0.00005391 0.00000015 0.00000050
0.00000022 0.00000403 0.99958462 0.00041085 0.00000003 0.00000023
0.00007485 0.00000028 0.99991548 0.00000866 0.00000000 0.00000066
0.00004162 0.00008539 0.00871028 0.99116266 0.00000001 0.00000009
0.00000596 0.00000002 0.00000020 0.00001222 0.00000654 0.99997497
0.00000002 0.00000000 0.00000001 0.00000000 0.00002247 0.99997747
0.00000013 0.99963725 0.00000000 0.00036259 0.00000001 0.00000000
0.00000002 0.00000000 0.00000004 0.00000000 0.00000226 0.99999774
0.00000029 0.00007066 0.05581554 0.94404835 0.00006434 0.00000082
0.00000073 0.00000000 0.00000471 0.00000000 0.00000003 0.99999452
0.00591205 0.00000004 0.00042163 0.00000042 0.85043007 0.14323580
0.00000559 0.00000165 0.99993622 0.00005650 0.00000004 0.00000000
0.00000001 0.99168396 0.00000000 0.00831578 0.00000017 0.00000000
0.00000001 0.99954140 0.00000000 0.00045831 0.00000037 0.00000000
0.00000001 0.00000000 0.00000000 0.00000000 0.00000248 0.99999750
0.00000048 0.00000000 0.00000000 0.00000000 0.00000039 0.99999917
0.00000043 0.00000131 0.99997139 0.00002587 0.00000004 0.00000096
0.00000026 0.00049553 0.00001593 0.99948812 0.00000007 0.00000005
0.00000082 0.00000165 0.00001474 0.00000017 0.00002111 0.99996150
0.00000014 0.00000002 0.00000037 0.00000000 0.00001184 0.99998760
0.00003477 0.99891818 0.00002544 0.00100042 0.00002109 0.00000006
0.00000004 0.99890077 0.00000036 0.00109873 0.00000003 0.00000000
0.00000001 0.00000000 0.00000000 0.00000000 0.00000179 0.99999821
0.00000004 0.00000000 0.00000000 0.00000000 0.00000025 0.99999964
0.00000001 0.00490407 0.00026400 0.99482405 0.00000797 0.00000000
0.00000339 0.00000000 0.00000002 0.00000000 0.00000416 0.99999237
0.00000001 0.00000000 0.00000008 0.00000000 0.00000050 0.99999940
0.00000420 0.00016270 0.99513358 0.00468095 0.00001854 0.00000000
0.00000011 0.00000000 0.00000000 0.00000000 0.00000219 0.99999774
0.00000024 0.99990773 0.00000037 0.00009170 0.00000003 0.00000000
0.00000987 0.88733852 0.01152452 0.10112441 0.00000270 0.00000000
0.00000000 0.07369588 0.00000037 0.92629886 0.00000479 0.00000000
0.00000058 0.00000050 0.99997962 0.00001922 0.00000010 0.00000000
0.00000000 0.00000000 0.00000001 0.00000000 0.00000100 0.99999893
0.00000013 0.00002751 0.01614962 0.98365146 0.00017119 0.00000013
0.00000024 0.00000272 0.99736542 0.00263167 0.00000004 0.00000000
0.00000075 0.00000605 0.99998713 0.00000559 0.00000041 0.00000000
0.00000024 0.99893397 0.00000078 0.00106496 0.00000011 0.00000000
0.00000422 0.00079131 0.00039790 0.99880528 0.00000001 0.00000127
0.00000038 0.00000011 0.99993646 0.00006303 0.00000000 0.00000002
0.00000011 0.00000005 0.99999189 0.00000789 0.00000006 0.00000001
0.00000016 0.00000002 0.99998295 0.00001670 0.00000003 0.00000006
0.00000024 0.95727694 0.00000033 0.04272216 0.00000039 0.00000002
0.00000201 0.53043926 0.00000331 0.46811098 0.00144406 0.00000044
0.00000752 0.00000044 0.00000004 0.00157308 0.99840456 0.00001449
0.00039618 0.00015037 0.09395879 0.90549463 0.00000009 0.00000003
0.00000002 0.00000000 0.00000141 0.00000000 0.00000000 0.99999857
0.00000001 0.00000000 0.00000027 0.00000000 0.00000144 0.99999833
0.95476520 0.00000000 0.00002509 0.00000001 0.00124712 0.04396266
0.00000001 0.00000000 0.00000190 0.00000000 0.00000096 0.99999714
0.00000000 0.99990082 0.00000000 0.00009915 0.00000000 0.00000000
0.00005745 0.00132811 0.97020572 0.02505963 0.00333887 0.00001030
0.99997628 0.00000000 0.00000199 0.00000014 0.00002111 0.00000050
0.00000063 0.99969363 0.00000000 0.00030535 0.00000036 0.00000007
0.00000000 0.00000000 0.00000000 0.00000000 0.00000014 0.99999988
0.00002477 0.00000607 0.00841334 0.98776346 0.00000015 0.00379219
0.00000853 0.00000000 0.00000009 0.00000000 0.00000450 0.99998689
0.00000001 0.99947256 0.00000000 0.00052748 0.00000000 0.00000000
0.00000003 0.99999094 0.00000000 0.00000853 0.00000048 0.00000000
0.00000002 0.00000000 0.00000596 0.00000003 0.00000055 0.99999344
0.00000022 0.00955911 0.00001707 0.99041057 0.00001309 0.00000000
0.00000003 0.99992716 0.00000000 0.00007254 0.00000016 0.00000000
0.00000478 0.00000000 0.00000017 0.00000000 0.00012148 0.99987352
0.00000000 0.99951220 0.00000000 0.00048029 0.00000752 0.00000000
0.00000007 0.99999619 0.00000000 0.00000334 0.00000036 0.00000000
0.00000085 0.00000314 0.98635906 0.01363678 0.00000026 0.00000000
0.00000130 0.02096408 0.00000159 0.97902828 0.00000420 0.00000048
0.00000004 0.00000000 0.00000000 0.00000000 0.00000199 0.99999797
0.00000001 0.00000031 0.00026522 0.99943787 0.00029588 0.00000061
0.00000002 0.99940944 0.00000000 0.00058841 0.00000212 0.00000000
0.00000000 0.00000000 0.00000000 0.00000000 0.00000024 0.99999976
0.00000025 0.00000000 0.00000018 0.00000000 0.00000008 0.99999952
0.00005064 0.00000006 0.99990594 0.00004332 0.00000001 0.00000000
0.00000001 0.99998903 0.00000000 0.00001095 0.00000000 0.00000000
0.00007349 0.00000215 0.99722654 0.00267274 0.00002500 0.00000009
0.00000664 0.00000009 0.00000741 0.00000003 0.00003321 0.99995255
0.00002928 0.00010711 0.99895191 0.00085574 0.00005557 0.00000026
0.00068901 0.00018544 0.39199364 0.60713154 0.00000029 0.00000008
0.00000299 0.00000000 0.00000010 0.00000000 0.00000319 0.99999368
0.00000053 0.00000773 0.99572694 0.00426460 0.00000012 0.00000002
0.00000356 0.00016644 0.02843120 0.97139871 0.00000014 0.00000000
0.00000499 0.82422036 0.00083846 0.17008747 0.00475021 0.00009859
0.00000041 0.00000000 0.99999726 0.00000233 0.00000001 0.00000000
0.00001222 0.00000000 0.00000000 0.00000000 0.00000179 0.99998593
0.00000041 0.00000000 0.00000000 0.00000000 0.00000035 0.99999928
0.00000614 0.00000039 0.99943179 0.00056147 0.00000013 0.00000002
0.00011367 0.00001295 0.21204154 0.78783000 0.00000008 0.00000178
0.00000006 0.99999440 0.00000000 0.00000494 0.00000070 0.00000000
0.00000041 0.99995387 0.00000000 0.00004469 0.00000102 0.00000001
0.00000718 0.00000070 0.99982327 0.00016865 0.00000018 0.00000001
0.00000013 0.00000000 0.00000000 0.00000000 0.00000002 0.99999988
0.00000030 0.00000012 0.99997485 0.00002468 0.00000005 0.00000001
0.00000015 0.00009863 0.97925526 0.02064385 0.00000074 0.00000130
0.00000090 0.00000003 0.99996781 0.00003120 0.00000001 0.00000005
0.00000108 0.00000004 0.99997711 0.00002178 0.00000003 0.00000001
0.00000044 0.60807896 0.00000023 0.34647292 0.04544736 0.00000005
0.00000001 0.99882954 0.00000000 0.00116951 0.00000090 0.00000000
0.00000000 0.00000000 0.00000043 0.00000000 0.00002247 0.99997711
0.09009031 0.00000059 0.00000624 0.00000121 0.90987992 0.00002177
0.00000001 0.99974674 0.00000000 0.00025316 0.00000009 0.00000000
0.00000000 0.99990678 0.00000000 0.00009315 0.00000015 0.00000000
0.00000000 0.95040971 0.00000000 0.04958896 0.00000139 0.00000000
0.00000216 0.00000002 0.99998522 0.00001261 0.00000005 0.00000000
0.00000268 0.99999309 0.00000000 0.00000422 0.00000003 0.00000000
0.00006501 0.00000005 0.99962950 0.00030533 0.00000000 0.00000005
0.00000001 0.00000000 0.00000000 0.00000000 0.00000001 1.00000000
0.00000000 0.00000000 0.00000000 0.00000000 0.00000017 0.99999988
0.00000002 0.99996901 0.00000000 0.00003072 0.00000019 0.00000000
0.00000003 0.00000000 0.00000086 0.00000000 0.00000233 0.99999678
0.00000001 0.00000000 0.00000000 0.00000000 0.00000241 0.99999762
0.00000001 0.01322278 0.00000087 0.98677433 0.00000203 0.00000000
0.00000151 0.00000000 0.00000000 0.00000000 0.00000685 0.99999166
0.00000001 0.99969471 0.00000000 0.00030535 0.00000002 0.00000000
0.00000076 0.00000076 0.99988770 0.00011061 0.00000021 0.00000002
0.00000137 0.00000000 0.00000011 0.00000000 0.00000345 0.99999511
0.00000290 0.00066642 0.00010544 0.99891520 0.00000018 0.00030992
0.00000479 0.00000000 0.00000008 0.00000000 0.00000010 0.99999499
0.99485469 0.00000298 0.00513958 0.00000001 0.00000232 0.00000034
0.00000047 0.00000027 0.99999499 0.00000429 0.00000003 0.00000000
0.00000155 0.00001805 0.99940109 0.00057928 0.00000003 0.00000000
0.00000001 0.99752730 0.00000000 0.00247262 0.00000013 0.00000000
0.00000187 0.00000000 0.00000006 0.00000000 0.00000001 0.99999809
0.00000260 0.00000000 0.00000026 0.00000000 0.00001241 0.99998474
0.00000001 0.99995232 0.00000000 0.00004540 0.00000230 0.00000000
0.00000084 0.00000000 0.00000000 0.00000000 0.00000105 0.99999809
0.00000009 0.09401007 0.00000004 0.90598887 0.00000097 0.00000001
0.00000065 0.00000000 0.00000009 0.00000000 0.00006503 0.99993420
0.00000002 0.99924278 0.00000000 0.00075540 0.00000173 0.00000001
0.00000000 0.99916458 0.00000000 0.00082958 0.00000586 0.00000000
0.00000020 0.00000000 0.00000329 0.00000000 0.00000001 0.99999654
0.00000449 0.00000002 0.99963272 0.00036259 0.00000001 0.00000010
0.00000003 0.99999154 0.00000000 0.00000827 0.00000016 0.00000000
0.00002750 0.00000623 0.40355161 0.59641057 0.00000309 0.00000091
0.92361760 0.00000000 0.00284923 0.00000002 0.00005058 0.07348257
0.00000000 0.00000000 0.00000000 0.00000000 0.00000005 1.00000000
0.00000077 0.00000000 0.00000020 0.00000000 0.00000032 0.99999869
0.00000024 0.00000000 0.00000000 0.00000000 0.00000017 0.99999964
0.00001045 0.00000041 0.99991608 0.00007254 0.00000053 0.00000003
0.00000067 0.00000000 0.00000013 0.00000000 0.00000814 0.99999106
0.00001407 0.00000032 0.92521632 0.07476895 0.00000027 0.00000007
0.00000206 0.00000031 0.99997330 0.00002430 0.00000002 0.00000001
0.00001261 0.00000290 0.99993992 0.00004069 0.00000216 0.00000173
0.00003866 0.00239210 0.00189231 0.99567682 0.00000001 0.00000002
0.00000002 0.99987841 0.00000000 0.00012148 0.00000009 0.00000000
0.00000005 0.99999774 0.00000000 0.00000119 0.00000103 0.00000000
0.00000020 0.00000000 0.00000002 0.00000000 0.00000753 0.99999225
0.00000047 0.01000855 0.00041310 0.98948985 0.00008795 0.00000000
0.00004467 0.00004132 0.03114109 0.96877104 0.00000042 0.00000139
0.00000024 0.99985087 0.00000000 0.00014884 0.00000001 0.00000000
0.00000001 0.00005960 0.99095505 0.00898489 0.00000038 0.00000007
0.00000002 0.99810302 0.00000000 0.00189692 0.00000003 0.00000000
0.00000260 0.99999297 0.00000000 0.00000409 0.00000037 0.00000001
0.00000117 0.00000000 0.00001301 0.00000000 0.00000203 0.99998379
0.00023947 0.00007079 0.15198503 0.84770441 0.00000004 0.00000029
0.00000003 0.98985273 0.00013416 0.01001222 0.00000081 0.00000000
0.00015842 0.00000002 0.00000741 0.00000001 0.00007842 0.99975580
0.00000001 0.00000000 0.00000000 0.00000001 0.00000051 0.99999952
0.00000008 0.99950373 0.00000020 0.00049554 0.00000047 0.00000001
0.00000010 0.51171553 0.00000026 0.48828235 0.00000174 0.00000000
0.00000002 0.99991107 0.00000000 0.00008888 0.00000000 0.00000000
0.00000001 0.99999809 0.00000000 0.00000151 0.00000033 0.00000000
0.00006354 0.00071595 0.47620812 0.52301234 0.00000005 0.00000000
0.00007399 0.02553070 0.00117557 0.97311944 0.00009956 0.00000066
0.00000001 0.00000000 0.00000011 0.00000000 0.00000050 0.99999940
0.00000730 0.00000000 0.00000160 0.00000000 0.00000017 0.99999094
0.00000001 0.99912828 0.00000000 0.00086937 0.00000237 0.00000000
0.00000865 0.00002543 0.00126437 0.99869651 0.00000001 0.00000501
0.00002797 0.00001301 0.99985933 0.00009915 0.00000057 0.00000001
0.00029579 0.00000027 0.99913329 0.00057015 0.00000014 0.00000038
0.00000033 0.97881240 0.00149476 0.01968959 0.00000293 0.00000000
0.00000155 0.00000028 0.99998474 0.00001203 0.00000045 0.00000091
0.00000001 0.05419817 0.00000872 0.94579154 0.00000152 0.00000000
0.00000001 0.99997640 0.00000000 0.00002319 0.00000033 0.00000000
0.00000005 0.92629784 0.00000002 0.07369580 0.00000625 0.00000000
0.00091949 0.00003621 0.05179590 0.94724804 0.00000000 0.00000041
0.00000027 0.00000010 0.99996316 0.00003648 0.00000001 0.00000004
0.00000006 0.00000003 0.00000009 0.00000001 0.00000071 0.99999917
0.00001395 0.00000217 0.99178910 0.00818772 0.00000017 0.00000691
0.00000000 0.99995089 0.00000000 0.00004909 0.00000001 0.00000000
0.00007278 0.00000666 0.64773607 0.35216799 0.00000055 0.00001599
0.00002355 0.00000429 0.99990320 0.00006815 0.00000010 0.00000070
0.00000184 0.00000000 0.00000031 0.00000000 0.00000416 0.99999368
0.00000038 0.99994898 0.00000000 0.00005064 0.00000001 0.00000000
0.00011620 0.00011440 0.16881789 0.83095080 0.00000056 0.00000007
0.00001382 0.00010209 0.00201875 0.99784875 0.00000002 0.00001667
0.00000000 0.00076707 0.00000100 0.99894089 0.00029115 0.00000000
0.00000007 0.00000000 0.00000000 0.00000000 0.00000021 0.99999976
0.99908245 0.00000000 0.00000202 0.00000015 0.00091105 0.00000435
0.00000002 0.00000000 0.00000001 0.00000000 0.00000244 0.99999750
0.00000003 0.99891829 0.00000000 0.00108172 0.00000001 0.00000000
0.00000014 0.00000022 0.00000001 0.00000000 0.00000295 0.99999666
0.00000000 0.99851400 0.00000000 0.00147793 0.00000813 0.00000000
0.00000040 0.00000000 0.00000001 0.00000000 0.00000011 0.99999952
0.00000203 0.00000011 0.99993861 0.00005921 0.00000002 0.00000000
0.00000032 0.99999452 0.00000000 0.00000509 0.00000001 0.00000000
0.00000000 0.99959487 0.00000000 0.00040448 0.00000071 0.00000000
0.00000012 0.00000000 0.00000027 0.00000000 0.00000212 0.99999750
0.00000009 0.00000000 0.00000006 0.00000000 0.00000051 0.99999928
0.00000055 0.00000000 0.00000391 0.00000000 0.00000001 0.99999559
0.00011061 0.00000127 0.99984241 0.00003024 0.00000290 0.00001261
0.00000054 0.00000004 0.99948740 0.00051126 0.00000001 0.00000068
0.00000001 0.99990523 0.00000000 0.00009461 0.00000005 0.00000000
0.00000003 0.00000000 0.00000002 0.00000000 0.00000029 0.99999964
0.00000133 0.00000002 0.00000141 0.00000004 0.00000123 0.99999607
0.00000000 0.00000000 0.00000000 0.00000000 0.00000000 1.00000000
0.00000002 0.00000000 0.00000032 0.00000000 0.00000001 0.99999964
0.00000007 0.00000000 0.00000814 0.00000000 0.00000001 0.99999177
0.00015801 0.00106307 0.00162098 0.99715734 0.00000040 0.00000024
0.00000356 0.00000000 0.00000039 0.00000000 0.00000018 0.99999583
0.00019411 0.00000000 0.00000025 0.00000000 0.00003591 0.99976975
0.00000003 0.00000000 0.00000001 0.00000000 0.00000179 0.99999821
0.00000006 0.00000000 0.00000004 0.00000000 0.00000006 0.99999988
0.00000029 0.00000248 0.00022693 0.99977022 0.00000003 0.00000000
0.00003210 0.00113162 0.00164650 0.99714881 0.00000160 0.00003933
0.00002325 0.00577894 0.98717320 0.00686266 0.00016139 0.00000054
0.00000123 0.00000076 0.99855906 0.00143252 0.00000643 0.00000000
0.00003020 0.00001495 0.99868673 0.00126436 0.00000372 0.00000000
0.00000070 0.00000000 0.00000002 0.00000000 0.00000069 0.99999857
0.00000003 0.00000000 0.00000000 0.00000000 0.00000062 0.99999940
0.00000028 0.00000000 0.99999082 0.00000880 0.00000004 0.00000000
0.00000052 0.99999607 0.00000000 0.00000233 0.00000099 0.00000001
0.00000050 0.00000000 0.00000000 0.00000000 0.00000071 0.99999881
0.00002583 0.00013118 0.99853730 0.00130430 0.00000143 0.00000002
0.00000000 0.00000000 0.00000000 0.00000000 0.00000000 1.00000000
0.00000000 0.99998736 0.00000000 0.00001261 0.00000002 0.00000000
0.00000002 0.99998796 0.00000000 0.00001203 0.00000002 0.00000000
0.00004264 0.00000007 0.99987328 0.00008349 0.00000005 0.00000045
0.00000001 0.00000000 0.00000000 0.00000000 0.00000000 1.00000000
0.00000011 0.00000000 0.00000103 0.00000000 0.00000070 0.99999809
0.00000001 0.18010251 0.00002293 0.81987447 0.00000011 0.00000000
0.00000339 0.00000304 0.99991035 0.00008220 0.00000100 0.00000000
0.00000395 0.23620805 0.00096533 0.76248896 0.00033361 0.00000000
0.11623498 0.00007755 0.00003037 0.00896308 0.87239206 0.00230191
0.00000141 0.00000000 0.00000004 0.00000000 0.00000133 0.99999726
0.00000373 0.00800874 0.51121181 0.48023906 0.00053655 0.00000003
0.00000000 0.00001696 0.00006106 0.99949634 0.00042385 0.00000173
0.00015844 0.00000068 0.86868823 0.13115229 0.00000029 0.00000002
0.00185222 0.00014283 0.23883188 0.75900608 0.00000004 0.00016698
0.00000001 0.99999857 0.00000000 0.00000125 0.00000025 0.00000000
0.00000003 0.00000000 0.00000003 0.00000000 0.00000005 0.99999988
0.00000296 0.29172209 0.23440528 0.47351170 0.00035796 0.00000008
0.00000020 0.00000001 0.00000006 0.00000000 0.00000051 0.99999917
0.00000004 0.99981731 0.00000000 0.00018235 0.00000033 0.00000000
0.99978179 0.00000000 0.00020988 0.00000000 0.00000345 0.00000494
0.00000008 0.00000000 0.00000000 0.00000000 0.00000003 0.99999988
0.00000006 0.00000000 0.00000000 0.00000000 0.00000013 0.99999976
0.00000329 0.00001320 0.99888462 0.00109871 0.00000016 0.00000001
0.00000000 0.99960119 0.00000000 0.00039821 0.00000055 0.00000000
0.00000005 0.99996269 0.00000000 0.00003648 0.00000076 0.00000000
0.00000004 0.00000000 0.00000003 0.00000000 0.00000034 0.99999964
0.00000008 0.00000000 0.00000001 0.00000000 0.00000037 0.99999952
0.00000071 0.00000035 0.99538887 0.00460956 0.00000049 0.00000001
0.00000179 0.00000003 0.00001594 0.00000006 0.00008093 0.99990129
0.00000001 0.99991369 0.00000002 0.00008615 0.00000003 0.00000000
0.00000129 0.00009010 0.01744086 0.98246634 0.00000143 0.00000000
0.00000494 0.00000013 0.99993837 0.00005650 0.00000001 0.00000000
0.00000827 0.00000000 0.00000000 0.00000000 0.00000171 0.99998999
0.00000021 0.00000000 0.00000031 0.00000000 0.00000006 0.99999940
0.00000001 0.99715495 0.00000000 0.00284491 0.00000008 0.00000000
0.00000004 0.00000000 0.00000008 0.00000000 0.00001321 0.99998665
0.00000360 0.00118395 0.06363911 0.93516994 0.00000349 0.00000000
0.00055251 0.00001405 0.00000879 0.00000052 0.99895883 0.00046526
0.00000055 0.00000000 0.00000001 0.00000000 0.00000077 0.99999869
0.00000003 0.99985087 0.00000000 0.00014884 0.00000016 0.00000000
0.00000005 0.99999475 0.00000000 0.00000494 0.00000034 0.00000000
0.00001045 0.00000000 0.00000012 0.00000000 0.00002213 0.99996734
0.00000100 0.00001886 0.99638605 0.00359353 0.00000058 0.00000002
0.00001010 0.00018192 0.00239627 0.99741167 0.00000001 0.00000003
0.00000005 0.00124039 0.00149620 0.99518424 0.00207727 0.00000181
0.00000004 0.99992645 0.00000000 0.00007254 0.00000089 0.00000000
0.00000023 0.00000012 0.99987960 0.00011960 0.00000046 0.00000000
0.12924896 0.00000000 0.00000052 0.00001570 0.86956286 0.00117189
0.00000517 0.00000000 0.00000000 0.00000000 0.00000299 0.99999177
0.00000014 0.00000066 0.99998569 0.00001301 0.00000046 0.00000000
0.00000765 0.00000004 0.00000011 0.00000000 0.00001863 0.99997365
0.00000880 0.00000023 0.99932432 0.00066670 0.00000006 0.00000001
0.00001139 0.00072688 0.00001440 0.12224245 0.87546617 0.00153881
0.00075567 0.01027000 0.04976700 0.00026115 0.91014332 0.02880293
0.00000001 0.00000000 0.00000022 0.00000000 0.00000014 0.99999964
0.00000136 0.52098417 0.00000073 0.47436145 0.00465048 0.00000182
0.00000005 0.00000000 0.00000664 0.00000000 0.00000000 0.99999332
0.00001061 0.00061647 0.00024141 0.99913090 0.00000005 0.00000055
0.00000020 0.99973446 0.00000000 0.00026530 0.00000003 0.00000000
0.00000001 0.00000000 0.00000000 0.00000000 0.00000078 0.99999917
0.00000005 0.00000000 0.00000123 0.00000000 0.00000173 0.99999702
0.00000000 0.01698476 0.00003383 0.97184032 0.01113888 0.00000220
0.00000000 0.99764013 0.00000000 0.00235966 0.00000023 0.00000000
0.00000015 0.99999726 0.00000000 0.00000248 0.00000009 0.00000000
0.97441226 0.00000000 0.00000069 0.00001653 0.02556462 0.00000589
0.00000023 0.99999642 0.00000000 0.00000047 0.00000281 0.00000001
0.00485258 0.00000003 0.00000133 0.00000256 0.98437774 0.01076591
0.00000119 0.00000000 0.00000000 0.00000000 0.00000319 0.99999559
0.00000000 0.00030500 0.00020962 0.99856013 0.00092491 0.00000036
0.00000007 0.00000000 0.00000000 0.00000000 0.00000020 0.99999976
0.00000008 0.00000000 0.00000039 0.00000000 0.00000004 0.99999952
0.00000035 0.00000021 0.99997604 0.00002247 0.00000000 0.00000087
0.00000094 0.00000000 0.00000005 0.00000000 0.00000076 0.99999821
0.00007962 0.00000206 0.99923038 0.00068779 0.00000012 0.00000003
0.00000002 0.00000000 0.00000002 0.00000000 0.00000002 1.00000000
0.00000000 0.00000000 0.00000008 0.00000000 0.00000045 0.99999952
0.00000053 0.00000000 0.00000001 0.00000000 0.00000010 0.99999940
0.00000000 0.00000000 0.00000005 0.00000000 0.00000017 0.99999976
0.00001260 0.00000010 0.99977380 0.00021318 0.00000029 0.00000000
0.00000397 0.00000003 0.99997902 0.00001644 0.00000001 0.00000062
0.00000041 0.00000055 0.99987161 0.00012731 0.00000011 0.00000008
0.00000031 0.11674824 0.07192652 0.78546035 0.02564619 0.00021844
0.00064233 0.00210612 0.01906726 0.97796375 0.00006562 0.00015497
0.00000002 0.99979073 0.00000000 0.00020027 0.00000908 0.00000001
0.00000000 0.99992943 0.00000000 0.00007031 0.00000025 0.00000000
0.00000071 0.00000005 0.99999797 0.00000114 0.00000005 0.00000007
0.00000729 0.00000839 0.99926263 0.00072083 0.00000005 0.00000078
0.99810863 0.00000007 0.00017922 0.00085501 0.00081586 0.00004126
0.00000559 0.00003591 0.99978024 0.00017674 0.00000141 0.00000004
0.00000004 0.00000000 0.00000001 0.00000000 0.00000319 0.99999678
0.00000004 0.00000000 0.00000026 0.00000000 0.00000517 0.99999452
0.00000003 0.99998903 0.00000000 0.00001029 0.00000065 0.00000000
0.00000042 0.00000000 0.00000004 0.00000000 0.00000102 0.99999857
0.00000002 0.00000000 0.00000000 0.00000000 0.00000001 1.00000000
0.00000551 0.00000005 0.00000429 0.00000021 0.00000068 0.99998927
0.00000009 0.00000105 0.98717481 0.01282116 0.00000118 0.00000161
0.00000027 0.00000000 0.00000509 0.00000000 0.00000015 0.99999452
0.00000048 0.00000894 0.99995339 0.00003705 0.00000008 0.00000003
0.00000036 0.00000000 0.00000011 0.00000000 0.00000010 0.99999940
0.00000024 0.99958879 0.00000000 0.00041085 0.00000013 0.00000000
0.00000094 0.00000339 0.99979502 0.00020027 0.00000034 0.00000003
0.00000002 0.00000000 0.00000000 0.00000000 0.00000230 0.99999774
0.00009374 0.00000048 0.72480166 0.27510372 0.00000028 0.00000012
0.00000001 0.99994802 0.00000000 0.00003648 0.00001545 0.00000000
0.00000025 0.00000028 0.99997330 0.00002587 0.00000025 0.00000012
0.00000001 0.00000000 0.00000004 0.00000000 0.00000004 0.99999988
0.00000086 0.00000005 0.00000730 0.00000001 0.00000052 0.99999130
0.00000000 0.00000000 0.00000014 0.00000000 0.00000014 0.99999976
0.00000020 0.44552922 0.00000011 0.55447012 0.00000032 0.00000000
0.99764496 0.00000000 0.00000349 0.00000003 0.00214851 0.00020299
0.00000001 0.99997914 0.00000000 0.00002079 0.00000006 0.00000000
0.00000005 0.00000000 0.00000000 0.00000000 0.00005739 0.99994254
0.00000000 0.00000000 0.00000001 0.00000000 0.00000108 0.99999893
0.00000043 0.00000000 0.00000290 0.00000000 0.00000000 0.99999666
0.00000047 0.00000063 0.99981934 0.00017953 0.00000004 0.00000000
0.01065188 0.00000000 0.00000166 0.00000008 0.00005767 0.98928869
0.00036368 0.00002184 0.10083941 0.89877188 0.00000004 0.00000320
0.00000294 0.00006598 0.00111593 0.99880457 0.00000004 0.00001060
0.00000070 0.00000000 0.00000000 0.00000000 0.00000023 0.99999905
0.00000035 0.99907899 0.00000000 0.00088301 0.00003760 0.00000000
0.00000494 0.00000000 0.00000000 0.00000000 0.00000007 0.99999499
0.00000009 0.00000000 0.00000730 0.00000000 0.00000001 0.99999261
0.99983430 0.00000004 0.00001321 0.00000001 0.00003822 0.00011412
0.00000003 0.99997425 0.00000000 0.00001806 0.00000777 0.00000000
0.00000853 0.00001497 0.00000000 0.00008481 0.99987841 0.00001321
0.95639181 0.00000000 0.00000054 0.00002892 0.04335481 0.00022398
0.00000001 0.04468062 0.00000127 0.95531362 0.00000450 0.00000000
0.00000001 0.00000001 0.00000304 0.00000000 0.00001922 0.99997771
0.00000002 0.00000000 0.00000153 0.00000000 0.00000718 0.99999130
0.00000006 0.00000000 0.00002627 0.00000000 0.00000002 0.99997365
0.00000005 0.99997127 0.00000000 0.00002841 0.00000025 0.00000000
0.00000003 0.00000000 0.00000304 0.00000000 0.00000002 0.99999690
0.00000007 0.00000000 0.00000000 0.00000000 0.00000043 0.99999952
0.00000526 0.00000000 0.00000001 0.00000000 0.00000559 0.99998915
0.00000008 0.00000000 0.00000268 0.00000000 0.00000003 0.99999726
0.00000000 0.28140533 0.00000014 0.71859372 0.00000077 0.00000000
0.00006164 0.00000015 0.99324435 0.00669243 0.00000132 0.00000005
0.00000009 0.99813229 0.00000000 0.00186757 0.00000008 0.00000000
0.00000015 0.05184240 0.00000014 0.94809842 0.00005274 0.00000620
0.00000001 0.99991226 0.00000000 0.00008750 0.00000027 0.00000000
0.00000014 0.00000000 0.00000000 0.00000000 0.00000050 0.99999940
0.00000048 0.04722879 0.00369924 0.94861561 0.00045584 0.00000000
0.00000005 0.00000000 0.00000223 0.00000000 0.00000000 0.99999774
0.00000022 0.00000000 0.00000403 0.00000000 0.00000003 0.99999571
0.00000260 0.00000000 0.00000277 0.00000001 0.00000268 0.99999189
0.00000004 0.00000000 0.00000002 0.00000000 0.00000000 0.99999988
0.00000022 0.99942940 0.00000000 0.00057032 0.00000003 0.00000000
0.00000000 0.94801217 0.00000000 0.05183768 0.00015022 0.00000000
0.00000003 0.00000000 0.00000001 0.00000000 0.00000017 0.99999976
0.00000050 0.00000000 0.00000016 0.00000000 0.00001203 0.99998736
0.00000001 0.00000000 0.00000127 0.00000000 0.00000000 0.99999869
0.98979807 0.00000000 0.00005420 0.00000018 0.00856343 0.00158408
0.00004764 0.00021685 0.10227765 0.89745790 0.00000001 0.00000002
0.00000041 0.00000000 0.00000001 0.00000000 0.00000021 0.99999940
0.00000045 0.02595132 0.00005169 0.97381616 0.00018041 0.00000000
0.00000050 0.00000001 0.00000050 0.00000001 0.00000801 0.99999094
0.00000002 0.00000000 0.00000097 0.00000000 0.00000002 0.99999893
0.00000094 0.00000000 0.00000045 0.00000000 0.00001166 0.99998701
0.00000032 0.00000002 0.00000416 0.00000002 0.00000256 0.99999297
0.00000268 0.00011029 0.99695063 0.00293462 0.00000000 0.00000173
0.00000127 0.00000000 0.00000000 0.00000000 0.00000053 0.99999821
0.00000072 0.00000000 0.00000007 0.00000000 0.00000127 0.99999797
0.00000001 0.00000000 0.00000000 0.00000000 0.00000037 0.99999964
0.00000463 0.01640266 0.00001776 0.98357487 0.00000012 0.00000000
0.00000042 0.99852151 0.00000001 0.00147794 0.00000010 0.00000007
0.00000011 0.00000000 0.00000082 0.00000000 0.00000121 0.99999785
0.00000119 0.00000000 0.00000084 0.00000001 0.00000163 0.99999630
0.00000002 0.00000000 0.00000001 0.00000000 0.00000018 0.99999976
0.00000339 0.00000000 0.00000000 0.00000002 0.00001521 0.99998140
0.00001544 0.00000076 0.99970132 0.00028240 0.00000003 0.00000000
0.00000042 0.00000000 0.99999428 0.00000526 0.00000001 0.00000001
0.00000090 0.00000000 0.99999177 0.00000696 0.00000005 0.00000035
0.00042363 0.00000001 0.00000044 0.00000040 0.00060682 0.99896872
0.00020260 0.00124111 0.01823791 0.98031825 0.00000003 0.00000004
0.00000099 0.00002976 0.99966860 0.00030061 0.00000006 0.00000000
0.00000039 0.00000000 0.00000010 0.00000000 0.00000000 0.99999952
0.00000072 0.00013340 0.00015116 0.99971372 0.00000001 0.00000086
0.90765297 0.00000268 0.00007579 0.00000063 0.00098289 0.09128506
0.00000002 0.99998522 0.00000000 0.00001474 0.00000001 0.00000000
0.00000002 0.00000000 0.00000028 0.00000000 0.00000015 0.99999952
0.00000006 0.00000000 0.00000319 0.00000000 0.00001261 0.99998415
0.00000007 0.99995971 0.00000000 0.00003823 0.00000193 0.00000000
0.00000010 0.00000091 0.99719739 0.00280092 0.00000003 0.00000063
0.00000048 0.00608641 0.00182747 0.99208492 0.00000063 0.00000000
0.00000019 0.22269991 0.00000037 0.77729911 0.00000047 0.00000000
0.00017386 0.00000016 0.99899656 0.00082944 0.00000000 0.00000000
0.00000002 0.00000000 0.00000000 0.00000000 0.00000001 1.00000000
0.00271362 0.00000102 0.99678314 0.00050197 0.00000013 0.00000015
0.00000000 0.99977309 0.00000000 0.00022693 0.00000002 0.00000000
0.00001593 0.00000127 0.99940026 0.00057030 0.00001129 0.00000103
0.00000002 0.00000000 0.00000017 0.00000000 0.00000004 0.99999976
0.00000001 0.97198343 0.00000001 0.02800726 0.00000925 0.00000000
0.10374658 0.00000002 0.00000069 0.00000127 0.89623374 0.00001778
0.00000348 0.00005112 0.66188288 0.33805668 0.00000592 0.00000000
0.00000011 0.00000000 0.00000006 0.00000000 0.00000049 0.99999928
0.00000117 0.00000212 0.99990129 0.00009461 0.00000069 0.00000000
0.99938011 0.00000000 0.00000435 0.00000022 0.00060707 0.00000813
0.00001892 0.00000000 0.00001863 0.00000002 0.00000033 0.99996209
0.00000922 0.00000021 0.99933404 0.00065637 0.00000002 0.00000002
0.00000028 0.00002355 0.29095685 0.70896065 0.00004985 0.00000880
0.00000032 0.00000002 0.00000000 0.00000000 0.00000008 0.99999964
0.00000004 0.99991000 0.00000000 0.00008888 0.00000099 0.00000001
0.00000312 0.00081247 0.02062909 0.97855526 0.00000007 0.00000000
0.00000013 0.00000000 0.00000001 0.00000000 0.00000000 0.99999988
0.00000001 0.99984396 0.00000000 0.00015598 0.00000001 0.00000000
0.00000982 0.00000155 0.99976510 0.00022341 0.00000007 0.00000008
0.00000018 0.00000000 0.00000000 0.00000000 0.00000089 0.99999893
0.00000000 0.81047100 0.00000000 0.18951924 0.00000975 0.00000000
0.99978310 0.00000000 0.00012147 0.00000000 0.00000078 0.00009460
0.00005920 0.00000001 0.00000007 0.00000193 0.99982280 0.00011591
0.00000108 0.99999774 0.00000000 0.00000117 0.00000000 0.00000000
0.00000020 0.00000000 0.00000002 0.00000003 0.00000060 0.99999917
0.00000003 0.99995863 0.00000000 0.00004134 0.00000000 0.00000000
0.00000078 0.00000003 0.99999452 0.00000464 0.00000010 0.00000000
0.00004387 0.00008069 0.00284455 0.99703038 0.00000009 0.00000032
0.00000619 0.00026753 0.97710276 0.02262300 0.00000054 0.00000000
0.00000098 0.00002005 0.97964478 0.02033188 0.00000029 0.00000198
0.00000075 0.80043632 0.00016543 0.19924435 0.00014829 0.00000477
0.00000014 0.00040448 0.00000043 0.99959213 0.00000005 0.00000286
0.00000002 0.99998951 0.00000000 0.00000967 0.00000081 0.00000000
0.00000017 0.00000000 0.00000000 0.00000000 0.00000117 0.99999869
0.00000675 0.00000256 0.99960548 0.00037998 0.00000517 0.00000007
0.00000010 0.99999797 0.00000000 0.00000193 0.00000001 0.00000000
0.00000002 0.00000000 0.00000000 0.00000000 0.00000013 0.99999988
0.00000000 0.99845123 0.00000000 0.00154876 0.00000004 0.00000000
0.00000003 0.99999464 0.00000000 0.00000509 0.00000021 0.00000000
0.00018536 0.98500246 0.00008756 0.01472459 0.00000003 0.00000000
0.00000190 0.00000000 0.00002355 0.00000001 0.00000035 0.99997425
0.00000010 0.00000000 0.00001385 0.00000000 0.00000001 0.99998605
0.00014150 0.00015300 0.36648133 0.63322300 0.00000083 0.00000040
0.00000018 0.00051370 0.11267561 0.88626230 0.00053835 0.00000986
0.00000000 0.00023347 0.00009001 0.99691975 0.00275673 0.00000010
0.00000008 0.00000000 0.00000043 0.00000000 0.00001723 0.99998224
0.00000099 0.00000000 0.00000000 0.00000000 0.00000141 0.99999762
0.00000024 0.09670556 0.00000164 0.90329218 0.00000042 0.00000000
0.00000017 0.00000022 0.99999678 0.00000223 0.00000013 0.00000041
0.00000001 0.99998772 0.00000000 0.00001222 0.00000001 0.00000000
0.00000952 0.00000000 0.00000001 0.00000000 0.00000184 0.99998868
0.00000549 0.00275578 0.00010357 0.99657518 0.00055987 0.00000000
0.00001385 0.00000003 0.99994206 0.00004400 0.00000013 0.00000000
0.00000017 0.00013117 0.34505621 0.65480167 0.00001077 0.00000002
0.00000011 0.99997962 0.00000000 0.00001406 0.00000614 0.00000009
0.00000000 0.99983656 0.00000000 0.00016346 0.00000002 0.00000000
0.00000003 0.00000000 0.00000193 0.00000000 0.00000000 0.99999797
0.00000146 0.00000000 0.00000840 0.00000000 0.00000001 0.99999011
0.00000002 0.14803928 0.00000218 0.85190725 0.00005124 0.00000008
0.00000014 0.00000000 0.00000000 0.00000000 0.00001385 0.99998605
0.00000339 0.00000016 0.99875152 0.00124484 0.00000006 0.00000000
0.00000002 0.00296526 0.00528615 0.99174482 0.00000375 0.00000000
0.00000002 0.00000001 0.00000035 0.00000000 0.00000273 0.99999690
0.00000006 0.00000000 0.00000001 0.00000000 0.00000273 0.99999726
0.00001048 0.00000561 0.16885409 0.83112895 0.00000078 0.00000000
0.00003994 0.00120417 0.01742078 0.98133504 0.00000012 0.00000000
0.00000002 0.99990308 0.00000000 0.00009461 0.00000226 0.00000000
0.00000012 0.99435753 0.00000019 0.00564191 0.00000024 0.00000000
0.00000017 0.00000000 0.00000001 0.00000000 0.00000008 0.99999976
0.00000137 0.99999642 0.00000000 0.00000203 0.00000012 0.00000000
0.00000094 0.00000248 0.99976951 0.00022693 0.00000015 0.00000000
0.00000040 0.00000000 0.00000022 0.00000000 0.00000013 0.99999928
0.99275911 0.00000000 0.00142420 0.00000370 0.00554551 0.00026760
0.00000107 0.00000013 0.99992728 0.00007142 0.00000008 0.00000000
0.00000000 0.00000256 0.00002976 0.99953008 0.00043732 0.00000034
0.00000055 0.00000050 0.99995530 0.00004332 0.00000026 0.00000004
0.00000047 0.00000241 0.99989438 0.00010230 0.00000048 0.00000001
0.00000100 0.00164846 0.00001220 0.99833822 0.00000001 0.00000010
0.00010283 0.00018332 0.98954135 0.01016669 0.00000092 0.00000489
0.00000027 0.00000000 0.00000001 0.00000000 0.00004833 0.99995136
0.00000123 0.99997878 0.00000127 0.00001834 0.00000033 0.00000000
0.00000777 0.00000000 0.00000068 0.00000000 0.00000730 0.99998426
0.00000173 0.99995458 0.00000041 0.00004332 0.00000003 0.00000000
0.00000133 0.14607748 0.00004750 0.85385561 0.00001803 0.00000000
0.00000013 0.99999368 0.00000000 0.00000409 0.00000216 0.00000000
0.00000001 0.00000001 0.00000004 0.00000000 0.00000309 0.99999690
0.00000001 0.00000000 0.00000015 0.00000000 0.00000219 0.99999762
0.00000125 0.00000009 0.99996471 0.00003374 0.00000007 0.00000016
0.00000696 0.00000129 0.99966872 0.00031999 0.00000299 0.00000000
0.00000000 0.99228513 0.00000000 0.00769550 0.00001938 0.00000002
0.00000003 0.00000028 0.99824512 0.00175461 0.00000002 0.00000004
0.00000016 0.00000000 0.00000155 0.00000000 0.00000003 0.99999821
0.00017123 0.00015111 0.15812334 0.84155411 0.00000012 0.00000003
0.00000009 0.00000000 0.00000009 0.00000000 0.00003374 0.99996614
0.00000071 0.00000000 0.00000061 0.00000000 0.00001342 0.99998522
0.00000000 0.99972194 0.00000000 0.00027803 0.00000005 0.00000000
0.00000000 0.00000000 0.00000010 0.00000000 0.00000163 0.99999821
0.00000006 0.99990141 0.00000000 0.00009762 0.00000090 0.00000000
0.00001061 0.00004328 0.99916685 0.00077932 0.00000000 0.00000000
0.00000007 0.00000047 0.99996519 0.00003427 0.00000000 0.00000000
0.00000846 0.97581327 0.00012620 0.02405027 0.00000174 0.00000000
0.00000001 0.99972111 0.00000000 0.00027803 0.00000082 0.00000000
0.00000087 0.00000000 0.00000007 0.00000001 0.00001013 0.99998891
0.00000001 0.99999225 0.00000000 0.00000765 0.00000012 0.00000000
0.00000055 0.00000000 0.00000002 0.00000000 0.00000179 0.99999762
0.00000022 0.00000000 0.00000002 0.00000000 0.00000009 0.99999964
0.00000936 0.00003821 0.99954730 0.00040446 0.00000047 0.00000005
0.00000011 0.00000372 0.00000007 0.00288947 0.99707294 0.00003364
0.00000202 0.00000103 0.99667227 0.00332443 0.00000005 0.00000017
0.00013647 0.00001818 0.03903978 0.96074206 0.00000007 0.00006346
0.00000000 0.00000000 0.00000000 0.00000000 0.00000000 1.00000000
0.00002791 0.00109763 0.04667233 0.95220131 0.00000078 0.00000005
0.00000040 0.04062339 0.00532863 0.95393354 0.00011410 0.00000000
0.00001778 0.00000000 0.00000006 0.00000000 0.00010391 0.99987829
0.00001221 0.00000003 0.99952924 0.00045831 0.00000003 0.00000016
0.00000233 0.00002247 0.99990773 0.00006109 0.00000634 0.00000000
0.00000001 0.99990666 0.00000000 0.00009315 0.00000023 0.00000000
0.00000000 0.00000000 0.00000000 0.00000000 0.00000010 0.99999988
0.00012148 0.00000008 0.99984610 0.00000403 0.00000039 0.00002797
0.00000165 0.00164661 0.00037907 0.99721885 0.00075387 0.00000000
0.00000002 0.00000000 0.00000000 0.00000000 0.00000006 0.99999988
0.00000017 0.00000273 0.99987996 0.00011592 0.00000096 0.00000029
0.00000003 0.99861145 0.00000000 0.00138852 0.00000001 0.00000000
0.00000001 0.00000000 0.00000012 0.00000000 0.00000057 0.99999928
0.00000002 0.00000000 0.00000268 0.00000000 0.00000001 0.99999726
0.00010555 0.00000000 0.00001342 0.00000022 0.99988055 0.00000027
0.00000005 0.00000000 0.00000000 0.00000000 0.00000049 0.99999940
0.00019767 0.00000065 0.83097738 0.16882329 0.00000028 0.00000077
0.00037203 0.00001767 0.17546931 0.82413906 0.00000012 0.00000178
0.00000000 0.93902415 0.00000001 0.06097513 0.00000067 0.00000000
0.00000006 0.00000000 0.00000056 0.00000000 0.00000012 0.99999928
0.00000174 0.00000242 0.02479778 0.97518682 0.00001119 0.00000000
0.00000002 0.00000000 0.00000002 0.00000000 0.00000068 0.99999928
0.00000004 0.00000000 0.00000356 0.00000000 0.00000015 0.99999630
0.00000309 0.00000000 0.00000001 0.00000016 0.99997973 0.00001696
0.99992335 0.00000001 0.00000146 0.00000036 0.00005307 0.00002178
0.00000000 0.01098688 0.00000101 0.98900771 0.00000438 0.00000000
0.00000053 0.00000000 0.00000007 0.00000000 0.00000016 0.99999928
0.00000018 0.00000000 0.00002886 0.00000000 0.00000016 0.99997079
0.00033013 0.00000003 0.00000397 0.00000007 0.00007482 0.99959093
0.00000016 0.00001505 0.83331072 0.16667263 0.00000136 0.00000015
0.00000016 0.00000001 0.00000014 0.00000000 0.00004069 0.99995899
0.00000286 0.00000047 0.99980825 0.00018814 0.00000013 0.00000014
0.00001556 0.00000016 0.08269530 0.91727990 0.00000887 0.00000029
0.00000014 0.00000000 0.00000002 0.00000000 0.00000268 0.99999714
0.00000069 0.00000000 0.00000001 0.00000000 0.00000020 0.99999905
0.00000004 0.00002008 0.98143125 0.01854614 0.00000086 0.00000162
0.00000020 0.00000022 0.99988711 0.00011061 0.00000114 0.00000069
0.00001544 0.00000033 0.99974257 0.00024156 0.00000001 0.00000000
0.00000000 0.00000000 0.00000011 0.00000000 0.00000040 0.99999952
0.01472434 0.00000000 0.00000016 0.00013143 0.98498547 0.00015854
0.00000011 0.00000000 0.00000056 0.00000000 0.00000002 0.99999928
0.00003001 0.09231204 0.00086355 0.90363419 0.00315874 0.00000147
0.00003317 0.00000048 0.99872130 0.00124480 0.00000011 0.00000001
0.00000186 0.02160252 0.00046258 0.97780472 0.00012845 0.00000000
0.00000003 0.00003906 0.05499624 0.94483924 0.00012220 0.00000321
0.00000031 0.98866779 0.00000008 0.01133175 0.00000009 0.00000002
0.00000003 0.99813217 0.00000000 0.00186757 0.00000019 0.00000000
0.00001241 0.00000000 0.00000002 0.00000000 0.00000067 0.99998689
0.00000054 0.00000078 0.99997067 0.00002627 0.00000024 0.00000148
0.00003038 0.00002223 0.18009648 0.81984705 0.00000330 0.00000053
0.00000005 0.00000000 0.00000675 0.00000000 0.00000001 0.99999321
0.00000148 0.00225179 0.00002541 0.99772090 0.00000001 0.00000044
0.00000064 0.00000000 0.00000089 0.00000000 0.00013342 0.99986506
0.00000023 0.00000000 0.00000004 0.00000000 0.00000022 0.99999952
0.00000000 0.99195647 0.00000000 0.00793715 0.00010636 0.00000000
0.00000233 0.00000000 0.00000000 0.00000000 0.00000006 0.99999762
0.00000003 0.00000000 0.00000000 0.00000000 0.00000087 0.99999905
0.00000001 0.00000000 0.00000032 0.00000000 0.00000000 0.99999964
0.00000010 0.00000000 0.00000103 0.00000000 0.00000001 0.99999881
0.00000008 0.00000011 0.99997175 0.00002797 0.00000002 0.00000001
0.00000012 0.01889149 0.00935196 0.96894842 0.00280797 0.00000005
0.00000028 0.00000000 0.00000016 0.00000001 0.00000121 0.99999833
0.00000039 0.00000000 0.00000002 0.00000000 0.00000068 0.99999893
0.00000002 0.99999154 0.00000000 0.00000840 0.00000009 0.00000000
0.00000020 0.00000000 0.00000013 0.00000000 0.00000009 0.99999952
0.00000501 0.00000000 0.00000002 0.00000000 0.00000037 0.99999464
0.00003507 0.00002410 0.26282579 0.73711318 0.00000167 0.00000024
0.00000024 0.00000000 0.00000060 0.00000000 0.00000559 0.99999356
0.00000114 0.00000000 0.00000112 0.00000000 0.00000007 0.99999762
0.00004028 0.00064002 0.12583709 0.87348253 0.00000007 0.00000005
0.00000001 0.99999130 0.00000000 0.00000675 0.00000187 0.00000000
0.00007722 0.00000000 0.00000509 0.00000032 0.00001148 0.99990582
0.00000004 0.99562210 0.00000000 0.00426415 0.00011364 0.00000000
0.00030817 0.00020852 0.02160410 0.97787648 0.00000011 0.00000262
0.00000004 0.85398364 0.00000011 0.14160439 0.00441182 0.00000000
0.00000054 0.61863673 0.00021749 0.38113102 0.00001412 0.00000000
0.00003070 0.93897551 0.00002014 0.06097198 0.00000153 0.00000014
0.00000047 0.00000000 0.00000001 0.00000000 0.00000091 0.99999857
0.00000017 0.00000000 0.00001078 0.00000000 0.00000614 0.99998295
0.00000130 0.00005519 0.35934260 0.64059752 0.00000271 0.00000068
0.00000003 0.00000000 0.00000000 0.00000000 0.00000024 0.99999976
0.00000000 0.00000000 0.00000000 0.00000000 0.00000005 1.00000000
0.00000005 0.00000406 0.99193269 0.00806195 0.00000052 0.00000077
0.00000076 0.00000000 0.00000017 0.00000000 0.00000182 0.99999726
0.00000002 0.00003103 0.99448758 0.00546904 0.00000115 0.00001124
0.00000127 0.99994218 0.00000494 0.00005144 0.00000008 0.00000000
0.00000367 0.00000002 0.99998116 0.00001497 0.00000015 0.00000003
0.00000110 0.00000000 0.00000241 0.00000000 0.00000003 0.99999642
0.00000477 0.00000255 0.99666768 0.00332441 0.00000030 0.00000027
0.00000025 0.00000000 0.00000005 0.00000000 0.00000001 0.99999964
0.00000016 0.99265289 0.00000000 0.00734582 0.00000109 0.00000000
0.00000000 0.00002927 0.00003586 0.99860102 0.00132492 0.00000893
0.00000001 0.00000000 0.00000012 0.00000000 0.00000003 0.99999988
0.00000134 0.00194970 0.00347571 0.99430931 0.00026386 0.00000001
0.00000031 0.99124628 0.00002564 0.00871101 0.00001630 0.00000035
0.00002015 0.00000596 0.24507859 0.75489515 0.00000010 0.00000006
0.00000047 0.99115086 0.00000080 0.00884734 0.00000066 0.00000000
0.99605489 0.00000001 0.00231939 0.00000055 0.00040305 0.00122223
0.00000718 0.00000390 0.99955791 0.00043055 0.00000045 0.00000003
0.00120486 0.00000047 0.98189998 0.01689452 0.00000001 0.00000014
0.99996054 0.00000030 0.00000329 0.00000007 0.00003219 0.00000361
0.00000018 0.00000001 0.99999809 0.00000046 0.00000001 0.00000123
0.00002191 0.00007414 0.91602159 0.08388233 0.00000002 0.00000000
0.00000000 0.99983644 0.00000000 0.00016346 0.00000012 0.00000000
0.00004636 0.00035903 0.04022164 0.95937300 0.00000002 0.00000002
0.00000039 0.00000032 0.99989450 0.00010391 0.00000082 0.00000002
0.00000004 0.00000000 0.00000003 0.00000000 0.00000005 0.99999988
0.00000003 0.00000000 0.00000001 0.00000000 0.00000004 0.99999988
0.00000001 0.00000000 0.00000226 0.00000000 0.00000026 0.99999750
0.99577457 0.00000001 0.00000024 0.00001198 0.00419868 0.00001445
0.00000000 0.00000000 0.00000000 0.00000000 0.00000018 0.99999976
0.00000021 0.00000000 0.00000000 0.00000000 0.00000001 0.99999976
0.00000135 0.00000002 0.00000273 0.00000001 0.00000345 0.99999249
0.00001457 0.00000296 0.33111346 0.66886759 0.00000112 0.00000029
0.00000000 0.99968827 0.00000000 0.00030061 0.00001112 0.00000001
0.00000004 0.00000002 0.99983132 0.00016865 0.00000000 0.00000001
0.00000117 0.00005307 0.99982041 0.00012339 0.00000102 0.00000103
0.00000000 0.00000000 0.00000012 0.00000000 0.00000685 0.99999297
0.00000002 0.99998927 0.00000000 0.00001045 0.00000018 0.00000000
0.00000045 0.99999666 0.00000000 0.00000237 0.00000018 0.00000033
0.00000010 0.05184454 0.00000681 0.94813776 0.00001088 0.00000000
0.99997389 0.00000002 0.00001406 0.00000000 0.00001029 0.00000182
0.00000289 0.03621602 0.00010495 0.96367270 0.00000343 0.00000001
0.99947530 0.00000004 0.00000107 0.00000043 0.00051930 0.00000378
0.00000015 0.99999774 0.00000000 0.00000091 0.00000117 0.00000000
0.00000241 0.99991381 0.00000000 0.00008350 0.00000006 0.00000019
0.00000202 0.00026926 0.00082936 0.99889922 0.00000000 0.00000004
0.00000002 0.00015851 0.95449066 0.04534514 0.00000300 0.00000264
0.00000008 0.00000000 0.00000256 0.00000000 0.00000000 0.99999738
0.00000135 0.01363588 0.00006828 0.98629433 0.00000014 0.00000001
0.00000023 0.23370501 0.00000509 0.76628929 0.00000035 0.00000001
0.00000003 0.99960166 0.00000000 0.00039821 0.00000010 0.00000000
0.00000552 0.00196500 0.47336408 0.49608132 0.02842772 0.00015633
0.00000003 0.99999785 0.00000000 0.00000206 0.00000013 0.00000000
0.00000008 0.00156681 0.00400100 0.99442875 0.00000337 0.00000000
0.00000000 0.99999011 0.00000000 0.00000982 0.00000006 0.00000000
0.00000004 0.00000000 0.00000000 0.00000000 0.00000003 0.99999988
0.00000013 0.99999464 0.00000000 0.00000146 0.00000379 0.00000000
0.00001078 0.00000000 0.00000003 0.00000000 0.00000309 0.99998605
0.00000002 0.99983132 0.00000000 0.00016865 0.00000002 0.00000000
0.00005656 0.00074504 0.04398337 0.95521498 0.00000001 0.00000003
0.00000067 0.99943560 0.00000203 0.00056148 0.00000015 0.00000000
0.00000013 0.05177362 0.00000353 0.94684070 0.00137972 0.00000228
0.00000737 0.50780046 0.00001293 0.49217707 0.00000208 0.00000004
0.00000065 0.00000000 0.00000077 0.00000000 0.00000077 0.99999785
0.00000015 0.00000087 0.99993837 0.00006014 0.00000029 0.00000012
0.00000093 0.00000007 0.99998641 0.00000840 0.00000002 0.00000416
0.00000001 0.00000000 0.00000000 0.00000000 0.00000003 1.00000000
0.00000696 0.00000199 0.99985111 0.00013982 0.00000008 0.00000003
0.00000006 0.00000000 0.00000000 0.00000000 0.00000007 0.99999988
0.00000741 0.00000199 0.99983943 0.00015118 0.00000003 0.00000000
0.00000006 0.00000000 0.00000334 0.00000000 0.00000002 0.99999654
0.00000000 0.99960798 0.00000000 0.00039204 0.00000002 0.00000000
0.00000212 0.99994028 0.00000005 0.00005739 0.00000017 0.00000001
0.00000023 0.00000014 0.00100050 0.99899870 0.00000032 0.00000006
0.00000042 0.00001982 0.99944347 0.00053577 0.00000057 0.00000001
0.00000000 0.99578625 0.00000000 0.00419873 0.00001491 0.00000000
0.00000209 0.99999678 0.00000000 0.00000108 0.00000007 0.00000000
0.00002657 0.01740145 0.92085606 0.06169351 0.00002238 0.00000000
0.00000005 0.99999475 0.00000000 0.00000509 0.00000001 0.00000000
0.00000437 0.00004850 0.88556892 0.11436044 0.00001784 0.00000001
0.00000025 0.00124309 0.65407890 0.34467533 0.00000244 0.00000000
0.00000675 0.00000171 0.99966002 0.00033015 0.00000133 0.00000000
0.00000277 0.00000000 0.00000000 0.00000000 0.00000077 0.99999642
0.00018191 0.00002313 0.00000005 0.00198655 0.99739850 0.00040995
0.00000013 0.00000000 0.00000026 0.00000000 0.00000017 0.99999940
0.00000001 0.99101442 0.00000000 0.00898543 0.00000012 0.00000000
0.00000001 0.99989045 0.00000000 0.00010890 0.00000061 0.00000000
0.00000022 0.00000000 0.00000025 0.00000000 0.00000005 0.99999952
0.00003321 0.00000003 0.00000069 0.00000023 0.00003321 0.99993265
0.00000206 0.00000000 0.00000001 0.00000000 0.00000654 0.99999142
0.00001373 0.99160951 0.00210240 0.00580491 0.00043385 0.00003561
0.00000001 0.00000000 0.00000000 0.00000000 0.00000007 0.99999988
0.00020987 0.00015354 0.03066431 0.96896106 0.00000061 0.00001061
0.00000002 0.99999201 0.00000000 0.00000730 0.00000070 0.00000000
0.00000002 0.00000000 0.00000000 0.00000001 0.00001062 0.99998939
0.00000002 0.00051724 0.00039043 0.99550158 0.00359034 0.00000046
0.00000017 0.99967992 0.00000000 0.00032000 0.00000001 0.00000000
0.00000000 0.99852210 0.00000000 0.00147794 0.00000005 0.00000000
0.00000022 0.00000001 0.99999964 0.00000009 0.00000000 0.00000007
0.00000017 0.00000000 0.00000110 0.00000000 0.00000685 0.99999189
0.00000002 0.99366295 0.00004654 0.00628960 0.00000078 0.00000000
0.00000241 0.00000000 0.00000036 0.00000000 0.00000155 0.99999571
0.00001521 0.00000005 0.99992812 0.00005650 0.00000003 0.00000001
0.00000003 0.00000000 0.00000000 0.00000000 0.00000018 0.99999976
0.00000017 0.00000252 0.00014202 0.99985528 0.00000001 0.00000000
0.00000001 0.00000222 0.00175431 0.99806970 0.00017370 0.00000002
0.00000007 0.00005342 0.97552365 0.02442176 0.00000017 0.00000095
0.99992085 0.00000000 0.00000309 0.00000005 0.00007485 0.00000108
0.00000013 0.99399239 0.00000004 0.00600357 0.00000376 0.00000008
0.98172164 0.00000019 0.00000003 0.00001145 0.01826401 0.00000276
0.00000005 0.00000000 0.00000004 0.00000001 0.00000137 0.99999857
0.00000091 0.00000003 0.99999130 0.00000324 0.00000081 0.00000379
0.00000004 0.00000000 0.00000110 0.00000000 0.00000025 0.99999857
0.00000059 0.00000000 0.00000001 0.00000000 0.00000102 0.99999833
0.00000001 0.88197649 0.00051122 0.11751198 0.00000026 0.00000000
0.00000007 0.00000000 0.00000000 0.00000000 0.00000083 0.99999905
0.00000008 0.99999619 0.00000000 0.00000361 0.00000018 0.00000000
0.00000003 0.99998927 0.00000000 0.00001045 0.00000016 0.00000000
0.00000002 0.00000000 0.00000003 0.00000000 0.00000033 0.99999964
0.00000005 0.99999368 0.00000000 0.00000586 0.00000038 0.00000000
0.00002881 0.00014863 0.06186501 0.93795764 0.00000001 0.00000000
0.00000014 0.99664944 0.00000005 0.00120400 0.00214636 0.00000000
0.00000004 0.00000000 0.00000009 0.00000000 0.00000007 0.99999976
0.00000012 0.00000000 0.00000002 0.00000000 0.00000045 0.99999940
0.00000034 0.00000000 0.00000035 0.00000000 0.00000952 0.99998975
0.00000065 0.00000000 0.00000015 0.00000000 0.00000089 0.99999833
0.00000000 0.00000000 0.00000048 0.00000000 0.00000137 0.99999809
0.00000035 0.00000000 0.00000039 0.00000000 0.00000314 0.99999607
0.00001488 0.00001253 0.33806711 0.66190332 0.00000012 0.00000211
0.00000090 0.00000160 0.99998033 0.00001696 0.00000022 0.00000002
0.00001404 0.00040386 0.00150053 0.99806291 0.00000007 0.00001860
0.00008520 0.00001369 0.02635255 0.97354096 0.00000016 0.00000744
0.00000062 0.99968994 0.00000001 0.00030535 0.00000168 0.00000244
0.99751592 0.00000000 0.00000027 0.00000128 0.00239652 0.00008594
0.00000000 0.00000000 0.00000020 0.00000000 0.00000045 0.99999940
0.00000526 0.00000002 0.00000064 0.00000001 0.00000137 0.99999273
0.00000001 0.00000000 0.00000051 0.00000000 0.00000000 0.99999952
0.00000003 0.99999893 0.00000000 0.00000066 0.00000027 0.00000001
0.00000008 0.00000000 0.00000542 0.00000000 0.00000000 0.99999452
0.00000002 0.00000099 0.00000016 0.00000000 0.00007142 0.99992740
0.00000065 0.00000347 0.64062697 0.35935912 0.00000974 0.00000001
0.00000002 0.99999738 0.00000000 0.00000219 0.00000047 0.00000000
0.00000043 0.00000000 0.00000042 0.00000000 0.00000049 0.99999869
0.00000016 0.00000000 0.00000016 0.00000000 0.00000002 0.99999964
0.00007722 0.00000000 0.00000012 0.00000000 0.00005307 0.99986959
0.00000009 0.00010299 0.99104613 0.00884640 0.00000445 0.00000001
0.00000041 0.00000000 0.00004684 0.00000000 0.00000010 0.99995267
0.00000007 0.00000000 0.00000002 0.00000000 0.00002111 0.99997878
0.00000046 0.00000000 0.00000155 0.00000000 0.00000007 0.99999797
0.00000008 0.99865365 0.00000000 0.00134586 0.00000034 0.00000002
0.00003537 0.00000013 0.92519593 0.07476730 0.00000061 0.00000070
0.00000010 0.00000000 0.00000001 0.00000000 0.00000061 0.99999928
0.00000017 0.00039793 0.00070939 0.99889094 0.00000163 0.00000005
0.00000032 0.99978596 0.00000000 0.00021319 0.00000055 0.00000002
0.00000212 0.00661664 0.05540045 0.93702757 0.00095322 0.00000000
0.00000020 0.00000000 0.00000117 0.00000000 0.00000055 0.99999809
0.00001670 0.00000002 0.99997520 0.00000765 0.00000029 0.00000005
0.00000313 0.00000694 0.04885726 0.95113218 0.00000060 0.00000001
0.00000000 0.03789187 0.00000037 0.96209353 0.00001418 0.00000000
0.00000001 0.99970812 0.00000000 0.00029137 0.00000046 0.00000000
0.00000004 0.00000000 0.00000457 0.00000000 0.00000023 0.99999511
0.00000577 0.00000000 0.00000000 0.00000000 0.00000173 0.99999249
0.00000753 0.00000361 0.99967194 0.00031015 0.00000675 0.00000000
0.00000007 0.00000000 0.00000005 0.00000000 0.00000060 0.99999928
0.00000922 0.00000100 0.99978942 0.00020027 0.00000001 0.00000017
0.00001614 0.00000303 0.99675840 0.00322242 0.00000002 0.00000000
0.00000018 0.00000000 0.00000000 0.00000003 0.00000281 0.99999702
0.00001863 0.00069907 0.14404529 0.85523617 0.00000067 0.00000011
0.00000105 0.00010210 0.01744067 0.98245519 0.00000099 0.00000008
0.00000007 0.00000000 0.00000015 0.00000000 0.00000008 0.99999976
0.00000002 0.00000018 0.99886620 0.00113357 0.00000005 0.00000000
0.00000334 0.00000000 0.00000019 0.00000000 0.00000026 0.99999619
0.00000140 0.00009346 0.24206211 0.75734532 0.00049743 0.00000032
0.00000000 0.99998534 0.00000000 0.00001451 0.00000016 0.00000000
0.00000006 0.00000000 0.00000248 0.00000000 0.00000000 0.99999750
0.00000005 0.00000004 0.99974626 0.00025316 0.00000001 0.00000054
0.00000005 0.00000000 0.00000000 0.00000000 0.00000006 0.99999988
0.00000010 0.00000000 0.00000000 0.00000000 0.00000005 0.99999988
0.00001521 0.00000000 0.00000009 0.00000000 0.00000509 0.99997962
0.00000000 0.99127638 0.00000000 0.00871128 0.00001230 0.00000000
0.00000000 0.99837589 0.00000000 0.00162297 0.00000108 0.00000000
0.00000057 0.00000000 0.00000002 0.00000000 0.00000707 0.99999237
0.00000007 0.00000000 0.00001013 0.00000000 0.00000000 0.99998975
0.00000007 0.99939215 0.00000000 0.00060708 0.00000068 0.00000000
0.00000012 0.00000000 0.00000000 0.00000000 0.00000000 0.99999988
0.03724719 0.00000000 0.00002905 0.00000460 0.96061778 0.00210134
0.07053838 0.00000028 0.00003901 0.00006636 0.92916095 0.00019506
0.00012517 0.00116915 0.00017652 0.99852234 0.00000003 0.00000674
0.00000001 0.00000000 0.00000001 0.00000000 0.00000004 1.00000000
0.00000003 0.00000000 0.00000110 0.00000000 0.00000148 0.99999738
0.00000013 0.00000000 0.00001806 0.00000000 0.00000000 0.99998176
0.00000003 0.99998713 0.00000000 0.00001281 0.00000007 0.00000000
0.00000003 0.00000000 0.00000035 0.00000000 0.00000030 0.99999928
0.00000001 0.00000000 0.00000000 0.00000000 0.00000009 0.99999988
0.00002337 0.00044099 0.02261864 0.97691476 0.00000065 0.00000154
0.00000005 0.00000000 0.00000000 0.00000000 0.00000027 0.99999964
0.00000037 0.00000003 0.99999642 0.00000299 0.00000023 0.00000000
0.00000002 0.81047350 0.00000001 0.18951982 0.00000660 0.00000001
0.00000044 0.00000057 0.23369387 0.76625276 0.00005222 0.00000012
0.00000027 0.99999714 0.00000000 0.00000230 0.00000018 0.00000011
0.99992621 0.00000001 0.00000016 0.00000000 0.00007254 0.00000110
0.00000006 0.99994814 0.00000000 0.00005144 0.00000031 0.00000000
0.00000003 0.00000000 0.00000072 0.00000000 0.00000000 0.99999928
0.00000001 0.99990308 0.00000000 0.00009028 0.00000664 0.00000000
0.00000000 0.99994934 0.00000000 0.00005064 0.00000003 0.00000000
0.00420809 0.02966992 0.00115043 0.47142434 0.48638898 0.00715820
0.00000241 0.00000000 0.00000003 0.00000013 0.00016093 0.99983644
0.00000000 0.99997616 0.00000000 0.00002355 0.00000019 0.00000000
0.00883145 0.00000001 0.00000067 0.00000336 0.98937035 0.00179422
0.00000041 0.00230691 0.00699562 0.99069715 0.00000002 0.00000000
0.00000449 0.03161842 0.00000403 0.96837068 0.00000022 0.00000206
0.00004588 0.00036087 0.00467988 0.99490571 0.00000159 0.00000611
0.00000030 0.00004517 0.00482886 0.99499291 0.00013277 0.00000000
0.00000001 0.00000000 0.00000184 0.00000000 0.00000000 0.99999809
0.00000002 0.00000000 0.00000013 0.00000000 0.00000309 0.99999678
0.00000001 0.00000000 0.00000112 0.00000000 0.00000008 0.99999881
0.00000501 0.00001952 0.99983740 0.00012533 0.00001280 0.00000001
0.00000286 0.99970561 0.00000001 0.00029137 0.00000014 0.00000000
0.00857723 0.00000000 0.00001439 0.00000316 0.99139345 0.00001174
0.97480619 0.00000001 0.00000023 0.00000745 0.02517845 0.00000769
0.00000013 0.00000014 0.99996579 0.00003374 0.00000002 0.00000024
0.00000002 0.00000000 0.00000144 0.00000000 0.00000000 0.99999857
0.00000436 0.00000067 0.99977833 0.00021654 0.00000003 0.00000000
0.00000014 0.00000000 0.00000003 0.00000000 0.00000789 0.99999189
0.00000014 0.99856466 0.00000000 0.00143253 0.00000277 0.00000004
0.00000003 0.00000000 0.00000908 0.00000000 0.00000007 0.99999082
0.00000015 0.00000144 0.99999285 0.00000397 0.00000160 0.00000000
0.00000094 0.00000096 0.99997115 0.00002669 0.00000022 0.00000000
0.00000140 0.00011138 0.15201508 0.84787196 0.00000010 0.00000000
0.15174857 0.00000041 0.00001136 0.00063985 0.84638548 0.00121422
0.00001321 0.00000000 0.00000035 0.00000000 0.00000160 0.99998486
0.00000001 0.98305041 0.00000000 0.01691432 0.00003531 0.00000001
0.00000004 0.00000032 0.00006303 0.99993658 0.00000001 0.00000000
0.00000120 0.01869426 0.00597505 0.97393239 0.00139720 0.00000000
0.99755979 0.00000663 0.00218215 0.00000042 0.00009293 0.00015807
0.00000001 0.00000000 0.00000131 0.00000000 0.00000002 0.99999869
0.99823415 0.00000000 0.00000921 0.00000099 0.00015818 0.00159758
0.00000001 0.00000000 0.00000176 0.00000000 0.00000001 0.99999821
0.00000000 0.99989212 0.00000000 0.00010721 0.00000076 0.00000000
0.00000707 0.00000334 0.99995077 0.00003883 0.00000001 0.00000000
0.00000005 0.00000260 0.99912804 0.00086937 0.00000001 0.00000001
0.00000008 0.00000000 0.00000010 0.00000000 0.00000112 0.99999869
0.00000001 0.99985278 0.00000000 0.00014653 0.00000066 0.00000000
0.00000005 0.00000000 0.00000789 0.00000000 0.00000001 0.99999201
0.00000000 0.99996555 0.00000000 0.00003427 0.00000023 0.00000000
0.00000252 0.00000595 0.99892646 0.00106495 0.00000006 0.00000000
0.00000043 0.95866168 0.00000722 0.04082474 0.00050594 0.00000002
0.00000005 0.00364966 0.00008583 0.99626154 0.00000298 0.00000000
0.00000009 0.99153686 0.00000003 0.00844548 0.00001763 0.00000000
0.00000003 0.99999630 0.00000000 0.00000361 0.00000007 0.00000001
0.00000003 0.99968004 0.00000000 0.00032000 0.00000001 0.00000000
0.00006705 0.00002667 0.99935073 0.00055273 0.00000051 0.00000229
0.00000007 0.99821764 0.00000000 0.00178220 0.00000001 0.00000000
0.00000408 0.00178109 0.00060599 0.99760014 0.00000864 0.00000000
0.00000176 0.11363870 0.00621381 0.87997997 0.00016559 0.00000017
0.00002212 0.00000047 0.99975008 0.00022693 0.00000035 0.00000000
0.00003705 0.00000035 0.99995482 0.00000718 0.00000036 0.00000017
0.00002178 0.00000168 0.99995232 0.00002355 0.00000049 0.00000012
0.00000089 0.00000002 0.00000045 0.00000000 0.00000072 0.99999797
0.00000014 0.99964285 0.00000000 0.00035697 0.00000000 0.00000000
0.00000004 0.00000000 0.00000187 0.00000000 0.00000000 0.99999809
0.00000001 0.00000000 0.00000000 0.00000000 0.00000019 0.99999976
0.00000035 0.00000026 0.99941039 0.00058841 0.00000062 0.00000000
0.00000021 0.00000000 0.00000000 0.00000000 0.00000248 0.99999726
0.00002388 0.00000040 0.99832720 0.00164844 0.00000004 0.00000001
0.00000023 0.00000065 0.99998939 0.00000922 0.00000011 0.00000042
0.00000001 0.99998641 0.00000000 0.00001342 0.00000012 0.00000000
0.00000110 0.99999619 0.00000000 0.00000260 0.00000009 0.00000000
0.00000624 0.00000000 0.00000001 0.00000000 0.00000045 0.99999332
0.00000000 0.99408466 0.00000000 0.00591104 0.00000440 0.00000000
0.98740965 0.00000000 0.00004211 0.00000014 0.00123070 0.01131733
0.00000001 0.99998260 0.00000000 0.00001696 0.00000050 0.00000000
0.00004610 0.00000000 0.00003704 0.00000000 0.00023780 0.99967909
0.00000013 0.99990225 0.00000000 0.00009762 0.00000001 0.00000000
0.00001113 0.00000060 0.99997485 0.00001301 0.00000010 0.00000035
0.00000004 0.01743708 0.00030955 0.98225307 0.00000030 0.00000000
0.00020855 0.00619070 0.25513631 0.73826134 0.00011883 0.00008426
0.00000022 0.99999690 0.00000000 0.00000252 0.00000035 0.00000000
0.00000044 0.02387494 0.39755341 0.57843679 0.00013336 0.00000105
0.00000000 0.99919850 0.00000000 0.00076727 0.00003424 0.00000000
0.04885285 0.00000012 0.00000009 0.00009883 0.95104623 0.00000181
0.00000066 0.61601216 0.00005476 0.37951407 0.00441835 0.00000001
0.99995029 0.00000000 0.00000260 0.00000000 0.00003944 0.00000765
0.00002874 0.00000059 0.86519867 0.13477196 0.00000002 0.00000002
0.00000039 0.00000000 0.00000001 0.00000000 0.00000117 0.99999845
0.00000000 0.99952626 0.00000000 0.00047285 0.00000093 0.00000000
0.00000001 0.00000000 0.00000031 0.00000000 0.00000069 0.99999905
0.00002083 0.00003489 0.02843442 0.97150874 0.00000005 0.00000102
0.00000008 0.00000001 0.00000003 0.00000000 0.00000450 0.99999535
0.00000004 0.00007423 0.82208753 0.17778887 0.00004645 0.00000297
0.00001474 0.00000040 0.99997663 0.00000309 0.00000429 0.00000086
0.00001100 0.95847744 0.00005168 0.04145967 0.00000017 0.00000000
0.00000001 0.99998760 0.00000000 0.00001222 0.00000014 0.00000000
0.00000007 0.99904782 0.00000000 0.00093993 0.00001221 0.00000001
0.00027896 0.00391163 0.00828093 0.98752826 0.00000001 0.00000014
0.00004782 0.00004220 0.16665962 0.83324569 0.00000038 0.00000431
0.00000002 0.00000000 0.00000000 0.00000000 0.00000244 0.99999750
0.00000005 0.00000001 0.00000139 0.00000000 0.00009915 0.99989939
0.00000000 0.00000000 0.00000000 0.00000000 0.00000004 1.00000000
0.00000001 0.00000000 0.00000000 0.00000000 0.00000003 1.00000000
0.00000329 0.00002753 0.99985933 0.00007602 0.00003373 0.00000007
0.00000086 0.00000137 0.99975997 0.00023782 0.00000003 0.00000000
0.00000000 0.99990392 0.00000000 0.00009610 0.00000005 0.00000000
0.00000416 0.00000009 0.99957842 0.00041731 0.00000003 0.00000000
0.00000033 0.00000000 0.00000000 0.00000000 0.00000009 0.99999952
0.00000016 0.00000000 0.00000000 0.00000000 0.00000004 0.99999976
0.00000067 0.00108931 0.00856812 0.99034041 0.00000147 0.00000003
0.00000001 0.00000000 0.00000007 0.00000000 0.00000334 0.99999654
0.99937660 0.00000000 0.00000196 0.00000012 0.00060707 0.00001428
0.00000002 0.00000000 0.00000000 0.00000000 0.00000000 1.00000000
0.00000000 0.99996424 0.00000000 0.00003536 0.00000034 0.00000000
0.00001614 0.00005545 0.17323838 0.82647413 0.00021592 0.00000002
0.00000040 0.00000006 0.00000000 0.00023413 0.99975485 0.00001061
0.00000212 0.00000717 0.99848866 0.00150117 0.00000090 0.00000000
0.00000079 0.00000001 0.99999607 0.00000304 0.00000001 0.00000001
0.00000002 0.99994922 0.00000000 0.00005064 0.00000013 0.00000000
0.00000001 0.00000000 0.00000000 0.00000000 0.00000000 1.00000000
0.00000384 0.00183865 0.00000674 0.99815065 0.00000000 0.00000003
0.00000003 0.99999464 0.00000000 0.00000542 0.00000000 0.00000000
0.00004992 0.00011076 0.77975303 0.21993941 0.00014673 0.00000006
0.00019538 0.00007894 0.99072462 0.00027126 0.00002333 0.00870643
0.00000000 0.00000000 0.00000006 0.00000000 0.00000007 0.99999988
0.00000009 0.00000000 0.00000020 0.00000000 0.00000000 0.99999976
0.00000619 0.00000149 0.26283976 0.73715234 0.00000009 0.00000011
0.00000003 0.99993944 0.00000000 0.00006014 0.00000035 0.00000000
0.00014202 0.00000182 0.99981779 0.00003763 0.00000007 0.00000072
0.00000000 0.94659621 0.00000000 0.05340330 0.00000050 0.00000000
0.00000006 0.00000000 0.00000000 0.00000000 0.00000002 0.99999988
0.00000534 0.00000000 0.00009761 0.00000005 0.00000577 0.99989128
0.00000034 0.00000001 0.99996483 0.00003481 0.00000002 0.00000001
0.00000240 0.00001406 0.99936682 0.00061662 0.00000005 0.00000000
0.00000006 0.00000000 0.00000000 0.00000000 0.00000082 0.99999917
0.00000112 0.00000013 0.99999738 0.00000123 0.00000008 0.00000002
0.99237096 0.00000000 0.00004648 0.00000055 0.00599378 0.00158819
0.00001184 0.00000008 0.99991083 0.00007722 0.00000001 0.00000000
0.00000324 0.00000000 0.00000022 0.00000000 0.00000086 0.99999571
0.00008913 0.00001728 0.97188681 0.02800448 0.00000230 0.00000000
0.00000643 0.00000067 0.99931514 0.00067719 0.00000065 0.00000000
0.99908817 0.00000000 0.00000020 0.00000001 0.00091105 0.00000054
0.00000099 0.00000010 0.99998724 0.00001095 0.00000028 0.00000043
0.00000001 0.00000000 0.00000086 0.00000000 0.00000000 0.99999917
0.00000008 0.00000000 0.00000012 0.00000000 0.00000000 0.99999976
0.00000011 0.00000000 0.00000982 0.00000000 0.00000264 0.99998748
