0.00011707 0.00000020 0.99988139 0.00000091 0.00000020 0.00000017
0.00001458 0.00000085 0.99929523 0.00054696 0.00014155 0.00000074
0.00000338 0.00000000 0.00000188 0.00000001 0.00001199 0.99998271
0.00028018 0.99654788 0.00010086 0.00306241 0.00000880 0.00000005
0.00007053 0.00000001 0.00049941 0.00000001 0.00000589 0.99942422
0.00005181 0.00000009 0.99993718 0.00000442 0.00000349 0.00000295
0.00027658 0.00000001 0.00265103 0.00000001 0.00000489 0.99706751
0.00000006 0.99936289 0.00000001 0.00041267 0.00022433 0.00000002
0.00001710 0.00000000 0.00025396 0.00000001 0.00000394 0.99972492
0.00004347 0.00000002 0.00009698 0.00000004 0.00000889 0.99985063
0.00000371 0.00000001 0.00000241 0.00000032 0.00006529 0.99992824
0.00004148 0.00000004 0.99987876 0.00007468 0.00000045 0.00000449
0.00101621 0.00013207 0.99864334 0.00019615 0.00000865 0.00000353
0.00006115 0.00000001 0.00001423 0.00000008 0.00000340 0.99992108
0.00000341 0.00000563 0.99982363 0.00016671 0.00000065 0.00000002
0.00017503 0.02043812 0.00264530 0.97453904 0.00220148 0.00000096
0.00103939 0.99709535 0.00169019 0.00016167 0.00001022 0.00000322
0.00001884 0.00000003 0.00005859 0.00000004 0.00001171 0.99991083
0.99989069 0.00000022 0.00004900 0.00000000 0.00005121 0.00000886
0.99889743 0.00000368 0.00024615 0.00000000 0.00062485 0.00022793
0.00000843 0.00000506 0.00006360 0.99907541 0.00051723 0.00033024
0.00006885 0.00131971 0.00127412 0.99710482 0.00023124 0.00000126
0.00000262 0.99998760 0.00000019 0.00000838 0.00000092 0.00000032
0.00002096 0.00000008 0.00000002 0.00000006 0.00002067 0.99995828
0.00000081 0.98901087 0.00000013 0.00779898 0.00318919 0.00000001
0.99876189 0.00070618 0.00000033 0.00026157 0.00000029 0.00026979
0.00016667 0.00000001 0.00293797 0.00000001 0.00002120 0.99687409
0.00004203 0.99769080 0.00000255 0.00225461 0.00000950 0.00000051
0.00000005 0.00025347 0.00004708 0.99919945 0.00049970 0.00000023
0.00002106 0.99977237 0.00008788 0.00000398 0.00011454 0.00000023
0.00002962 0.00000002 0.00000004 0.00000014 0.00005461 0.99991560
0.00001652 0.00000000 0.00000026 0.00000000 0.00009076 0.99989247
0.00005467 0.00000001 0.00000125 0.00000007 0.00002347 0.99992049
0.00013179 0.00000001 0.00000006 0.00000010 0.00093753 0.99893051
0.98130667 0.00000218 0.00019128 0.00000002 0.01848954 0.00001027
0.00000030 0.99995840 0.00000002 0.00003501 0.00000627 0.00000003
0.00000079 0.00000000 0.00000448 0.00000060 0.00000580 0.99998832
0.00000033 0.93704599 0.00000178 0.06284717 0.00010476 0.00000000
0.00029847 0.03217769 0.00892942 0.95582002 0.00276874 0.00000569
0.00000427 0.00003184 0.98731112 0.01263878 0.00000155 0.00001245
0.00000337 0.00000001 0.99999547 0.00000025 0.00000064 0.00000025
0.00001991 0.00000016 0.00000108 0.00000009 0.00002473 0.99995399
0.00022077 0.00001505 0.99940050 0.00034679 0.00001679 0.00000013
0.00112057 0.10126536 0.00091442 0.89428824 0.00240388 0.00000760
0.00000223 0.00000054 0.99979407 0.00020138 0.00000070 0.00000111
0.00047112 0.00000001 0.00002071 0.00000009 0.00000041 0.99950767
0.00000545 0.00002660 0.00000005 0.00001522 0.99994409 0.00000859
0.00010149 0.00000332 0.99989295 0.00000121 0.00000094 0.00000011
0.00002960 0.00000002 0.00010923 0.00000004 0.00000249 0.99985862
0.00000105 0.99994028 0.00000003 0.00004894 0.00000963 0.00000005
0.00001451 0.00000565 0.99993026 0.00004857 0.00000049 0.00000048
0.00000071 0.99841464 0.00000003 0.00106903 0.00051541 0.00000008
0.00013695 0.00000051 0.99986053 0.00000060 0.00000126 0.00000006
0.00003012 0.00031734 0.00043385 0.99920017 0.00001805 0.00000048
0.00001789 0.00000264 0.99997640 0.00000292 0.00000007 0.00000003
0.00001049 0.00004705 0.99723661 0.00270344 0.00000074 0.00000167
0.00069467 0.00000015 0.99801147 0.00000230 0.00000012 0.00129126
0.00040884 0.00335981 0.00554988 0.99051392 0.00016567 0.00000183
0.00015364 0.00000025 0.00000944 0.00000031 0.00000021 0.99983609
0.00003592 0.00000002 0.00000162 0.00000000 0.00045891 0.99950349
0.00000094 0.99929881 0.00000065 0.00068965 0.00000989 0.00000013
0.00000033 0.00000001 0.00000576 0.00000002 0.00000216 0.99999177
0.00000189 0.00004272 0.01223023 0.98765099 0.00006885 0.00000531
0.00006881 0.00000002 0.00005365 0.00000015 0.00003859 0.99983883
0.00225566 0.00249450 0.00004288 0.00000449 0.99335515 0.00184743
0.00001554 0.00000110 0.99997425 0.00000834 0.00000064 0.00000013
0.00000088 0.99768579 0.00000092 0.00228340 0.00002893 0.00000012
0.00000123 0.99930274 0.00000013 0.00056698 0.00012886 0.00000010
0.00000123 0.00000000 0.00000023 0.00000000 0.00002117 0.99997735
0.00000672 0.00000003 0.00000029 0.00000000 0.00007013 0.99992287
0.00003444 0.00000130 0.99996281 0.00000074 0.00000009 0.00000059
0.00022416 0.01253039 0.00004919 0.98718333 0.00001216 0.00000077
0.00004989 0.00000027 0.00005596 0.00000121 0.00010319 0.99978954
0.00000558 0.00000001 0.00008153 0.00000003 0.00001198 0.99990094
0.00009885 0.99957663 0.00001877 0.00030468 0.00000069 0.00000038
0.00000244 0.99983001 0.00000022 0.00009340 0.00007387 0.00000000
0.00000119 0.00000001 0.00000011 0.00000001 0.00006142 0.99993730
0.00003906 0.00000010 0.00004142 0.00000013 0.00005762 0.99986160
0.00000063 0.08463733 0.00000811 0.91500503 0.00034880 0.00000003
0.00007596 0.00000019 0.00001153 0.00000001 0.00000556 0.99990666
0.00000003 0.00000000 0.00000002 0.00000000 0.00000134 0.99999857
0.00000242 0.00013052 0.99693727 0.00282457 0.00010456 0.00000068
0.00001298 0.00000010 0.00000028 0.00000001 0.00230047 0.99768615
0.00000317 0.99997437 0.00000020 0.00001222 0.00000998 0.00000001
0.00000881 0.98935682 0.00007815 0.01052015 0.00003604 0.00000001
0.00000146 0.39540520 0.00000751 0.60454226 0.00004346 0.00000000
0.00001627 0.00000155 0.99997425 0.00000487 0.00000241 0.00000064
0.00000188 0.00000003 0.00000006 0.00000003 0.00001440 0.99998367
0.00000044 0.00031815 0.00085981 0.99833578 0.00048565 0.00000025
0.00000383 0.00008859 0.99906749 0.00083990 0.00000011 0.00000008
0.00002770 0.00000075 0.99997044 0.00000012 0.00000068 0.00000037
0.00001603 0.99879009 0.00000343 0.00118462 0.00000590 0.00000001
0.00049085 0.00357088 0.00749158 0.98835599 0.00008894 0.00000182
0.00000225 0.00000079 0.99998653 0.00000987 0.00000044 0.00000003
0.00000516 0.00000017 0.99999261 0.00000166 0.00000035 0.00000004
0.00001843 0.00000085 0.99995482 0.00002538 0.00000024 0.00000020
0.00030218 0.99463922 0.00002453 0.00502219 0.00000902 0.00000295
0.00248992 0.71208370 0.00052402 0.28350675 0.00132005 0.00007557
0.00004063 0.00021365 0.00000004 0.00001366 0.99971539 0.00001669
0.00449673 0.00613580 0.04568221 0.94356287 0.00011689 0.00000541
0.00011085 0.00000005 0.00515946 0.00000001 0.00004229 0.99468744
0.00000243 0.00000002 0.00000300 0.00000013 0.00004260 0.99995184
0.90623385 0.00000014 0.00207068 0.00000003 0.00074744 0.09094784
0.00005444 0.00000003 0.00006687 0.00000011 0.00000826 0.99987030
0.00000177 0.99935526 0.00000009 0.00063158 0.00001121 0.00000000
0.01138311 0.07526735 0.05056296 0.85771686 0.00504229 0.00002743
0.99927050 0.00000096 0.00013357 0.00000002 0.00055967 0.00003535
0.00000341 0.99918455 0.00000082 0.00072236 0.00008863 0.00000006
0.00000306 0.00000001 0.00000370 0.00000019 0.00000056 0.99999237
0.00000524 0.00006522 0.00008283 0.99981934 0.00002713 0.00000023
0.00000326 0.00000003 0.00000031 0.00000007 0.00001261 0.99998367
0.00000538 0.99998522 0.00000045 0.00000766 0.00000055 0.00000070
0.00000015 0.99933356 0.00000001 0.00050387 0.00016233 0.00000002
0.00000635 0.00000003 0.00006665 0.00000006 0.00000409 0.99992275
0.00005126 0.32447159 0.00003798 0.67263436 0.00280466 0.00000009
0.00000030 0.99905533 0.00000003 0.00092441 0.00001986 0.00000001
0.00023545 0.00000001 0.00000221 0.00000000 0.00000108 0.99976128
0.00000016 0.99713069 0.00000001 0.00248116 0.00038803 0.00000001
0.00000017 0.99974138 0.00000003 0.00017642 0.00008206 0.00000005
0.00029344 0.00017356 0.75832528 0.24075349 0.00036658 0.00008760
0.00018553 0.21524124 0.00005758 0.78205150 0.00245111 0.00001307
0.00001722 0.00000002 0.00000002 0.00000000 0.00003657 0.99994624
0.00000010 0.00006968 0.00012890 0.99963260 0.00016867 0.00000009
0.00000094 0.99945623 0.00000042 0.00048655 0.00005587 0.00000006
0.00003169 0.00000000 0.00035785 0.00000001 0.00006273 0.99954766
0.00002445 0.00000001 0.00000159 0.00000001 0.00000235 0.99997163
0.00001811 0.00000095 0.99993122 0.00004502 0.00000429 0.00000039
0.00000358 0.99986100 0.00001719 0.00001633 0.00010172 0.00000012
0.00003045 0.00000335 0.99905223 0.00090272 0.00001119 0.00000006
0.00001541 0.00000003 0.00018342 0.00000054 0.00008999 0.99971062
0.00019946 0.00002594 0.99970573 0.00005351 0.00000368 0.00001159
0.00324942 0.00409314 0.00575185 0.98687321 0.00002357 0.00000876
0.00004975 0.00000004 0.00000004 0.00000000 0.00000645 0.99994373
0.00002274 0.00001348 0.99847287 0.00148701 0.00000111 0.00000287
0.00000158 0.00000033 0.00041420 0.99861491 0.00046652 0.00050249
0.00111035 0.87644964 0.00058967 0.11691111 0.00493692 0.00000227
0.00000759 0.00000003 0.99998593 0.00000420 0.00000009 0.00000220
0.00001670 0.00000484 0.00000013 0.00000031 0.00005844 0.99991953
0.00001378 0.00000002 0.00000054 0.00000001 0.00000294 0.99998271
0.00022479 0.00004897 0.99966967 0.00005388 0.00000054 0.00000212
0.00003342 0.00025723 0.00287105 0.99677974 0.00005801 0.00000067
0.00000007 0.99921203 0.00000001 0.00035872 0.00042912 0.00000004
0.00000046 0.99948883 0.00000042 0.00032458 0.00018555 0.00000010
0.00004535 0.00000018 0.99969292 0.00025708 0.00000349 0.00000093
0.00003407 0.00000014 0.00000098 0.00000007 0.00002919 0.99993551
0.00003814 0.00000018 0.99982470 0.00013509 0.00000097 0.00000097
0.00000235 0.00003659 0.98307288 0.01688376 0.00000065 0.00000372
0.00002925 0.00000038 0.99996400 0.00000542 0.00000082 0.00000020
0.00001369 0.00000033 0.99991524 0.00006115 0.00000481 0.00000476
0.00000254 0.97918028 0.00000061 0.00878327 0.01203318 0.00000009
0.00000053 0.99925500 0.00000016 0.00046491 0.00027935 0.00000004
0.00000020 0.00000000 0.00000000 0.00000000 0.00000435 0.99999547
0.25108439 0.00617964 0.00001355 0.00283599 0.73951101 0.00037535
0.00000014 0.99961865 0.00000002 0.00026707 0.00011411 0.00000002
0.00000072 0.99898881 0.00000165 0.00058917 0.00041952 0.00000011
0.00000052 0.99689460 0.00000008 0.00295620 0.00014858 0.00000000
0.00003196 0.00000176 0.99859542 0.00136889 0.00000178 0.00000020
0.00003484 0.99995542 0.00000234 0.00000561 0.00000108 0.00000074
0.00001062 0.00000011 0.99965847 0.00032782 0.00000023 0.00000282
0.00005645 0.00000002 0.00017102 0.00000001 0.00000714 0.99976546
0.00000177 0.00000000 0.00000052 0.00000001 0.00004027 0.99995744
0.00000019 0.99979252 0.00000007 0.00016738 0.00003976 0.00000007
0.00002664 0.00000003 0.00027559 0.00000004 0.00001005 0.99968779
0.00003690 0.00000005 0.00000018 0.00000018 0.00002005 0.99994266
0.00000512 0.12348954 0.00001582 0.87644452 0.00004501 0.00000000
0.00000481 0.00000014 0.00000370 0.00000007 0.00002688 0.99996436
0.00000751 0.99975556 0.00001510 0.00003676 0.00018486 0.00000021
0.00001296 0.00000027 0.99998033 0.00000557 0.00000014 0.00000068
0.00033778 0.00000001 0.00000336 0.00000001 0.00021527 0.99944359
0.00000912 0.00045131 0.00006444 0.99939835 0.00007671 0.00000011
0.00000804 0.00000002 0.00001390 0.00000004 0.00000733 0.99997067
0.99866903 0.00047703 0.00000041 0.00045241 0.00000024 0.00040101
0.00001062 0.00000010 0.99998534 0.00000313 0.00000058 0.00000024
0.00000716 0.00000610 0.99976176 0.00022475 0.00000018 0.00000004
0.00000888 0.99739313 0.00000177 0.00170770 0.00088817 0.00000039
0.00006989 0.00000011 0.00014467 0.00000004 0.00000436 0.99978095
0.00000109 0.00000005 0.00000094 0.00000028 0.00003857 0.99995911
0.00000010 0.99934465 0.00000001 0.00057935 0.00007588 0.00000000
0.00000383 0.00000001 0.00000011 0.00000002 0.00004589 0.99995017
0.00014116 0.83391535 0.00010325 0.16335797 0.00248167 0.00000074
0.00005656 0.00000002 0.00004411 0.00000000 0.00011789 0.99978143
0.00000042 0.99695635 0.00000020 0.00287770 0.00016518 0.00000008
0.00000042 0.99745470 0.00000001 0.00150392 0.00104097 0.00000006
0.00005803 0.00000000 0.00037271 0.00000007 0.00000033 0.99956876
0.00001956 0.00000012 0.99997520 0.00000096 0.00000036 0.00000383
0.00000027 0.99906796 0.00000011 0.00075026 0.00018141 0.00000005
0.00000411 0.00004624 0.00010234 0.99983990 0.00000719 0.00000029
0.99992907 0.00000009 0.00000177 0.00000003 0.00001097 0.00005808
0.00002111 0.00000004 0.00000001 0.00000003 0.00002838 0.99995053
0.00002601 0.00000006 0.00006182 0.00000017 0.00004276 0.99986911
0.00004360 0.00000001 0.00038088 0.00000006 0.00003455 0.99954104
0.00003223 0.00000033 0.99994111 0.00002349 0.00000252 0.00000033
0.00004037 0.00000000 0.00000077 0.00000000 0.00008381 0.99987507
0.00000528 0.00009544 0.00018124 0.99969041 0.00002717 0.00000045
0.00008025 0.00000065 0.99991763 0.00000021 0.00000007 0.00000120
0.00001440 0.00000624 0.99991000 0.00006310 0.00000623 0.00000008
0.00010117 0.01738184 0.00230547 0.97967964 0.00053101 0.00000088
0.00001019 0.99962556 0.00000959 0.00024717 0.00010700 0.00000049
0.00000012 0.99966776 0.00000002 0.00027668 0.00005541 0.00000004
0.00000084 0.00000002 0.00000013 0.00000033 0.00002339 0.99997532
0.00003582 0.00355431 0.00066179 0.99554777 0.00020035 0.00000001
0.00002844 0.00111107 0.00002609 0.99871445 0.00011979 0.00000020
0.00034632 0.99957412 0.00007290 0.00000357 0.00000107 0.00000200
0.00000336 0.00007053 0.99159229 0.00833126 0.00000169 0.00000084
0.00000140 0.99981862 0.00000534 0.00016430 0.00001006 0.00000022
0.00003688 0.99994481 0.00000595 0.00001129 0.00000066 0.00000031
0.00001592 0.00000037 0.00134959 0.00000022 0.00001999 0.99861383
0.00041168 0.00386535 0.00399462 0.99157315 0.00015324 0.00000194
0.00000418 0.99813569 0.00000569 0.00182364 0.00003082 0.00000000
0.00002489 0.00000046 0.00000505 0.00000042 0.00000699 0.99996221
0.00001788 0.00000288 0.00000004 0.00001337 0.00005666 0.99990916
0.00027788 0.99965918 0.00003431 0.00002626 0.00000156 0.00000088
0.00080788 0.77832198 0.00011125 0.22054303 0.00020317 0.00001269
0.00002049 0.99997306 0.00000185 0.00000240 0.00000094 0.00000126
0.00000011 0.99976760 0.00000001 0.00020142 0.00003089 0.00000004
0.00128923 0.02175783 0.05989589 0.91695875 0.00009705 0.00000130
0.00056595 0.26238021 0.00158232 0.71348459 0.02196093 0.00002601
0.00012489 0.00000074 0.00079551 0.00000008 0.00004784 0.99903095
0.00002854 0.00000001 0.00002563 0.00000001 0.00000643 0.99993944
0.00000009 0.99968565 0.00000011 0.00012219 0.00019190 0.00000008
0.00003928 0.00013600 0.00052442 0.99927336 0.00002642 0.00000050
0.00001462 0.00000014 0.99998379 0.00000113 0.00000015 0.00000011
0.00002203 0.00000106 0.99992466 0.00004591 0.00000566 0.00000073
0.00001811 0.99320662 0.00001446 0.00662876 0.00013211 0.00000000
0.00001618 0.00000050 0.99997342 0.00000631 0.00000328 0.00000035
0.00000204 0.07992061 0.00051885 0.91917598 0.00038248 0.00000000
0.00000016 0.99955875 0.00000001 0.00033279 0.00010820 0.00000005
0.00003329 0.96175867 0.00000853 0.03788100 0.00031576 0.00000273
0.00005924 0.00011732 0.00075478 0.99903226 0.00003529 0.00000119
0.00001162 0.00000003 0.99998653 0.00000099 0.00000012 0.00000073
0.00004381 0.00000019 0.00000342 0.00000044 0.00000533 0.99994671
0.00138172 0.00002462 0.99444795 0.00412128 0.00001862 0.00000579
0.00000194 0.99993742 0.00000005 0.00005684 0.00000369 0.00000004
0.00009067 0.00029845 0.00161388 0.99795061 0.00004595 0.00000049
0.00001370 0.00000920 0.99997497 0.00000031 0.00000104 0.00000077
0.00002265 0.00000005 0.00000442 0.00000002 0.00002270 0.99995017
0.00021206 0.99971074 0.00000799 0.00006854 0.00000045 0.00000020
0.00009925 0.00727959 0.00565932 0.98683041 0.00013008 0.00000134
0.00000936 0.00008237 0.00007512 0.99981314 0.00001996 0.00000009
0.00000009 0.00084366 0.00000257 0.99872106 0.00043267 0.00000000
0.00005322 0.00000000 0.00000098 0.00000000 0.00000288 0.99994290
0.99868375 0.00000081 0.00000141 0.00000059 0.00121674 0.00009664
0.00000803 0.00000001 0.00000336 0.00000001 0.00006128 0.99992728
0.00001912 0.99980658 0.00002194 0.00003699 0.00011520 0.00000022
0.00005541 0.00000001 0.00006674 0.00000003 0.00002201 0.99985588
0.00000030 0.99808228 0.00000001 0.00126637 0.00065084 0.00000006
0.00001145 0.00000034 0.00002022 0.00000011 0.00004053 0.99992728
0.00001196 0.00000264 0.99997234 0.00001263 0.00000040 0.00000002
0.00001828 0.99996769 0.00000073 0.00001212 0.00000092 0.00000026
0.00000022 0.99969792 0.00000003 0.00022801 0.00007390 0.00000000
0.00003072 0.00000002 0.00026118 0.00000003 0.00005519 0.99965286
0.00000413 0.00000011 0.00000391 0.00000041 0.00004502 0.99994648
0.00010246 0.00000001 0.00002465 0.00000014 0.00001145 0.99986136
0.00000686 0.00000005 0.99999201 0.00000043 0.00000038 0.00000027
0.00001276 0.00000066 0.99762243 0.00236279 0.00000023 0.00000122
0.00000018 0.99988115 0.00000001 0.00011515 0.00000352 0.00000001
0.00000805 0.00000003 0.00000119 0.00000003 0.00000858 0.99998224
0.00015267 0.00000005 0.00051893 0.00000003 0.00002672 0.99930167
0.00001612 0.00000002 0.00003814 0.00000002 0.00011579 0.99982989
0.00004616 0.00000001 0.00088210 0.00000007 0.00004425 0.99902737
0.00020209 0.00000001 0.00150554 0.00000001 0.00000864 0.99828374
0.00052796 0.00632787 0.00045109 0.99247324 0.00021836 0.00000143
0.00004249 0.00000001 0.00053680 0.00000002 0.00000152 0.99941921
0.00281282 0.00000452 0.00000014 0.00000005 0.00032148 0.99686110
0.00001868 0.00000005 0.00000032 0.00000001 0.00008236 0.99989867
0.00000830 0.00000002 0.00010328 0.00000005 0.00025342 0.99963498
0.00009204 0.00000044 0.00010790 0.99818569 0.00000750 0.00160640
0.00010003 0.00526906 0.00010739 0.99446905 0.00005232 0.00000216
0.00002512 0.00268230 0.99494803 0.00228451 0.00005731 0.00000273
0.00003994 0.00015367 0.99897563 0.00082761 0.00000248 0.00000066
0.00004088 0.00010332 0.99952507 0.00032102 0.00000962 0.00000012
0.00000229 0.00000001 0.00000213 0.00000001 0.00001947 0.99997616
0.00001037 0.00000001 0.00000084 0.00000001 0.00011373 0.99987507
0.00000756 0.00000029 0.99992025 0.00007047 0.00000060 0.00000082
0.00000003 0.99986792 0.00000000 0.00009574 0.00003626 0.00000002
0.00006177 0.00000000 0.00000019 0.00000003 0.00001740 0.99992061
0.00000187 0.00000082 0.99999392 0.00000060 0.00000257 0.00000019
0.00010349 0.00000001 0.00010703 0.00000004 0.00001464 0.99977487
0.00000022 0.99996901 0.00000002 0.00002590 0.00000488 0.00000002
0.00000018 0.99985790 0.00000001 0.00012473 0.00001719 0.00000001
0.00111439 0.00000052 0.99810106 0.00077060 0.00001282 0.00000058
0.00002290 0.00000000 0.00002899 0.00000001 0.00000429 0.99994385
0.00001417 0.00000005 0.00003543 0.00000009 0.00001799 0.99993229
0.00002790 0.63227153 0.00035523 0.36729562 0.00004975 0.00000000
0.00000906 0.00000006 0.99998868 0.00000170 0.00000046 0.00000001
0.00009490 0.72995561 0.03693720 0.22214881 0.01086344 0.00000012
0.00777501 0.00001083 0.00002568 0.00001223 0.99164373 0.00053253
0.00029175 0.00000008 0.00001054 0.00000088 0.00002679 0.99967003
0.00003326 0.01811450 0.72181696 0.19585787 0.06405707 0.00012032
0.00000003 0.00014483 0.00001691 0.99923635 0.00060097 0.00000103
0.00031761 0.00001154 0.49454576 0.50488496 0.00007874 0.00016139
0.00225528 0.00182683 0.21206990 0.78366673 0.00011822 0.00006295
0.00000015 0.99990427 0.00000000 0.00006532 0.00003019 0.00000003
0.00000569 0.00000000 0.00000033 0.00000002 0.00000046 0.99999356
0.00008009 0.59347415 0.31865415 0.03845945 0.04933171 0.00000041
0.00000706 0.00000001 0.00004892 0.00000001 0.00000294 0.99994111
0.00000108 0.99591810 0.00000050 0.00387708 0.00020308 0.00000011
0.99988079 0.00000026 0.00001122 0.00000001 0.00001067 0.00009706
0.00002408 0.00000004 0.00000003 0.00000000 0.00000466 0.99997127
0.00019098 0.00000004 0.00003744 0.00000011 0.00000016 0.99977130
0.00007794 0.00000032 0.99990308 0.00001792 0.00000027 0.00000047
0.00002531 0.99856204 0.00000966 0.00140003 0.00000302 0.00000005
0.00000053 0.99933064 0.00000022 0.00051701 0.00015156 0.00000017
0.00009619 0.00000002 0.00000973 0.00000148 0.00008461 0.99980801
0.00004909 0.00000059 0.00000252 0.00000010 0.00000419 0.99994349
0.00002519 0.00000167 0.99775404 0.00220453 0.00000439 0.00001013
0.00003946 0.00000032 0.00002497 0.00000059 0.00001246 0.99992216
0.00000429 0.99986708 0.00000024 0.00010792 0.00002050 0.00000001
0.00021179 0.00967178 0.00023365 0.98986608 0.00001669 0.00000005
0.00003021 0.00000008 0.99996352 0.00000216 0.00000020 0.00000388
0.00011028 0.00000050 0.00000009 0.00000001 0.00002048 0.99986863
0.00065418 0.00000014 0.00014253 0.00000004 0.00008696 0.99911624
0.00000118 0.99237025 0.00000047 0.00754316 0.00008486 0.00000013
0.00001224 0.00000001 0.00000081 0.00000002 0.00000325 0.99998367
0.00028849 0.00440066 0.72315431 0.27204338 0.00011298 0.00000018
0.00025127 0.00017173 0.00000114 0.00000140 0.99881244 0.00076207
0.00002004 0.00000000 0.00000121 0.00000003 0.00001707 0.99996161
0.00003325 0.99604911 0.00000951 0.00302116 0.00088659 0.00000036
0.00000016 0.99935764 0.00000001 0.00055983 0.00008239 0.00000004
0.00074078 0.00000192 0.00000005 0.00000003 0.00057657 0.99868065
0.00001844 0.00000019 0.99997592 0.00000473 0.00000041 0.00000029
0.00012774 0.00436348 0.00132770 0.99412137 0.00005894 0.00000067
0.00000119 0.00003988 0.00341747 0.99644500 0.00008345 0.00001298
0.00000019 0.99878484 0.00000004 0.00075963 0.00045529 0.00000005
0.00005219 0.00001297 0.99992096 0.00001027 0.00000308 0.00000042
0.12065724 0.00000254 0.00049439 0.00000074 0.87766755 0.00117755
0.00015172 0.00000177 0.00000037 0.00000035 0.00002242 0.99982339
0.00000534 0.00000147 0.99997675 0.00001510 0.00000134 0.00000006
0.00006410 0.00000001 0.00006131 0.00000007 0.00002386 0.99985063
0.00004904 0.00000068 0.99882478 0.00105469 0.00006898 0.00000187
0.00010179 0.00457074 0.00000015 0.00117645 0.99413931 0.00001160
0.00058440 0.00080014 0.00139422 0.00014387 0.99502462 0.00205274
0.00017390 0.00000022 0.00001402 0.00000010 0.00000208 0.99980968
0.00004612 0.92247730 0.00000405 0.02398442 0.05348528 0.00000281
0.00013222 0.00000003 0.00118304 0.00000001 0.00000677 0.99867791
0.00009290 0.00268776 0.00014815 0.99697244 0.00009812 0.00000055
0.00083129 0.99907696 0.00006767 0.00001808 0.00000567 0.00000028
0.00001699 0.00000020 0.00000016 0.00000010 0.00000840 0.99997413
0.00000004 0.00000000 0.00000003 0.00000000 0.00000164 0.99999833
0.00000070 0.00007687 0.00090348 0.99898404 0.00003016 0.00000470
0.00000037 0.99737656 0.00000002 0.00249804 0.00012509 0.00000005
0.00000025 0.99995959 0.00000002 0.00003586 0.00000430 0.00000004
0.99625862 0.00000030 0.00065347 0.00000002 0.00291384 0.00017379
0.00000012 0.99981612 0.00000002 0.00009556 0.00008814 0.00000005
0.00035733 0.00000035 0.00000071 0.00000054 0.99570954 0.00393154
0.00011656 0.00000052 0.00000001 0.00000953 0.00006149 0.99981195
0.00000495 0.00011162 0.02000384 0.97985429 0.00001784 0.00000739
0.00000766 0.00000001 0.00000021 0.00000000 0.00000850 0.99998367
0.00021174 0.00000010 0.00003610 0.00000015 0.00000488 0.99974698
0.00000535 0.00000111 0.99999070 0.00000067 0.00000206 0.00000013
0.00002338 0.00000012 0.00000642 0.00000000 0.00000959 0.99996042
0.00000341 0.00000411 0.99991083 0.00007752 0.00000409 0.00000005
0.00001384 0.00000003 0.00000544 0.00000004 0.00000286 0.99997783
0.00003347 0.00000001 0.00053217 0.00000002 0.00014770 0.99928671
0.00005778 0.00000001 0.00011019 0.00000001 0.00000080 0.99983120
0.00000134 0.00000007 0.00001897 0.00000210 0.00004241 0.99993503
0.00000848 0.00000157 0.99998295 0.00000501 0.00000186 0.00000003
0.00005793 0.00000057 0.99993575 0.00000062 0.00000380 0.00000128
0.00000463 0.00000025 0.99999440 0.00000036 0.00000019 0.00000017
0.00000098 0.00453861 0.00277660 0.98932344 0.00335495 0.00000532
0.00234087 0.03455250 0.00829861 0.95323640 0.00155518 0.00001637
0.00000010 0.99868447 0.00000004 0.00079825 0.00051699 0.00000007
0.00000014 0.99947411 0.00000001 0.00032287 0.00020287 0.00000003
0.00000492 0.00000079 0.99999189 0.00000165 0.00000061 0.00000020
0.00001841 0.00000122 0.99995875 0.00001946 0.00000017 0.00000200
0.99850839 0.00000375 0.00079136 0.00000000 0.00061489 0.00008155
0.00001177 0.00006731 0.99984276 0.00007082 0.00000723 0.00000008
0.00005959 0.00000001 0.00000230 0.00000000 0.00045353 0.99948454
0.00008828 0.00000026 0.00000025 0.00000029 0.00004526 0.99986577
0.00000078 0.99858379 0.00000201 0.00070193 0.00071125 0.00000029
0.00007629 0.00000000 0.00020767 0.00000001 0.00002316 0.99969292
0.00000860 0.00000001 0.00000001 0.00000003 0.00000239 0.99998903
0.00001692 0.00000035 0.00000812 0.00000354 0.00001459 0.99995649
0.00002440 0.00000330 0.99918920 0.00077469 0.00000348 0.00000498
0.00012201 0.00000005 0.00013565 0.00000002 0.00002239 0.99971992
0.00000372 0.00009173 0.99781382 0.00205711 0.00003241 0.00000110
0.00002257 0.00000000 0.00001718 0.00000000 0.00001295 0.99994731
0.00000025 0.99927109 0.00000000 0.00071435 0.00001426 0.00000001
0.00004732 0.00000061 0.99994969 0.00000170 0.00000024 0.00000038
0.00000200 0.00000000 0.00000275 0.00000000 0.00001509 0.99998021
0.00071906 0.00019632 0.06929475 0.92936319 0.00002191 0.00040466
0.00000017 0.99842751 0.00000001 0.00069628 0.00087610 0.00000006
0.00002270 0.00000299 0.99996853 0.00000262 0.00000020 0.00000298
0.00005201 0.00000000 0.00002759 0.00000011 0.00000986 0.99991035
0.00007361 0.00000004 0.00054516 0.00000002 0.00001420 0.99936706
0.00000005 0.00000000 0.00000023 0.00000000 0.00001165 0.99998808
0.00038479 0.74772561 0.00019079 0.25152907 0.00016784 0.00000183
0.97976273 0.00000242 0.00009475 0.00000007 0.01985965 0.00028038
0.00000057 0.99990666 0.00000007 0.00007592 0.00001669 0.00000007
0.00000051 0.00000004 0.00000016 0.00000011 0.00009003 0.99990916
0.00000841 0.00000004 0.00694527 0.00000009 0.00000828 0.99303788
0.00001977 0.00000002 0.00042450 0.00000005 0.00000342 0.99955231
0.00003189 0.00000133 0.99994838 0.00001584 0.00000190 0.00000072
0.07188511 0.00000008 0.00025973 0.00000003 0.00006219 0.92779279
0.00011876 0.00029883 0.01278602 0.98663437 0.00016048 0.00000157
0.00002857 0.00286633 0.00021984 0.99678481 0.00010007 0.00000039
0.00000855 0.00000000 0.00000024 0.00000003 0.00004883 0.99994242
0.00000018 0.99923313 0.00000003 0.00048104 0.00028572 0.00000002
0.00222998 0.00000010 0.00000024 0.00000005 0.00001313 0.99775654
0.00014250 0.00000000 0.00609037 0.00000000 0.00000705 0.99376005
0.99988532 0.00000071 0.00001540 0.00000010 0.00008692 0.00001161
0.00000012 0.99732178 0.00000001 0.00152983 0.00114817 0.00000004
0.00123856 0.00062530 0.00000003 0.00012679 0.99754119 0.00046821
0.91778016 0.00000170 0.00278886 0.00000012 0.07919758 0.00023166
0.00000339 0.75342155 0.00000376 0.24623288 0.00033843 0.00000000
0.00020552 0.00000020 0.00169258 0.00000001 0.00002571 0.99807596
0.00000001 0.00000000 0.00000001 0.00000001 0.00000582 0.99999416
0.00010329 0.00000000 0.00138368 0.00000003 0.00004053 0.99847251
0.00000341 0.99835783 0.00000470 0.00083940 0.00079425 0.00000031
0.00012553 0.00000001 0.00341953 0.00000002 0.00001669 0.99643826
0.00001835 0.00000001 0.00000090 0.00000000 0.00003345 0.99994731
0.00000263 0.00000013 0.00000001 0.00000004 0.00015938 0.99983788
0.00011259 0.00000001 0.00050614 0.00000002 0.00001103 0.99937028
0.00000288 0.57046968 0.00000415 0.42935342 0.00016985 0.00000000
0.00004339 0.00005344 0.93068624 0.06917773 0.00000786 0.00003136
0.00012171 0.99551171 0.00002066 0.00352093 0.00082433 0.00000060
0.00006212 0.82406634 0.00000091 0.17218632 0.00368008 0.00000419
0.00000016 0.99981993 0.00000001 0.00015951 0.00002050 0.00000001
0.00000265 0.00000001 0.00000001 0.00000000 0.00000193 0.99999547
0.00012033 0.15399761 0.00146115 0.84092951 0.00349145 0.00000001
0.00007586 0.00000001 0.00026004 0.00000007 0.00002293 0.99964106
0.00010183 0.00000002 0.00245913 0.00000002 0.00001176 0.99742728
0.00058347 0.00000024 0.00000250 0.00000005 0.00000869 0.99940515
0.00016015 0.00000001 0.00001723 0.00000015 0.00001203 0.99981052
0.00000044 0.99992335 0.00000001 0.00007076 0.00000542 0.00000002
0.00000126 0.98202032 0.00000004 0.01659812 0.00138029 0.00000003
0.00357520 0.00000021 0.00007805 0.00000016 0.00000675 0.99633968
0.00000298 0.00000009 0.00000004 0.00000008 0.00005833 0.99993837
0.00002998 0.00000001 0.00052418 0.00000005 0.00001527 0.99943048
0.99723107 0.00000095 0.00053081 0.00000002 0.00158636 0.00065088
0.00168399 0.03471696 0.15597095 0.80721545 0.00041062 0.00000209
0.00048558 0.00000003 0.00000918 0.00000001 0.00002956 0.99947566
0.00002449 0.14133710 0.00049726 0.85659617 0.00154492 0.00000000
0.00000516 0.00000130 0.00002542 0.00000716 0.00002503 0.99993598
0.00011329 0.00000001 0.00145764 0.00000002 0.00000889 0.99842024
0.00009111 0.00000001 0.00003563 0.00000014 0.00003996 0.99983311
0.00005223 0.00000018 0.00004673 0.00000036 0.00001264 0.99988782
0.00001049 0.00000003 0.99992979 0.00003861 0.00000031 0.00002073
0.00039291 0.00000033 0.00000006 0.00000001 0.00004266 0.99956399
0.00007461 0.00000002 0.00000770 0.00000000 0.00003335 0.99988437
0.00000722 0.00000000 0.00000042 0.00000000 0.00006742 0.99992490
0.00048553 0.10845038 0.00153268 0.88934010 0.00018894 0.00000238
0.00206112 0.99385965 0.00407210 0.00000318 0.00000168 0.00000230
0.00017243 0.00000058 0.00001880 0.00000033 0.00000057 0.99980730
0.00003911 0.00000000 0.00026792 0.00000001 0.00001408 0.99967885
0.00000609 0.00000009 0.00003313 0.00000004 0.00005974 0.99990094
0.00001841 0.00000006 0.00000001 0.00000003 0.00000532 0.99997628
0.00004882 0.00000078 0.99994504 0.00000528 0.00000007 0.00000005
0.00000233 0.00000012 0.99998724 0.00000861 0.00000142 0.00000028
0.00001271 0.00000067 0.99973518 0.00001358 0.00000026 0.00023760
0.00011401 0.00000158 0.00000001 0.00000004 0.00002787 0.99985659
0.00301321 0.01767103 0.01102590 0.96804976 0.00023734 0.00000281
0.00015123 0.00007481 0.99966574 0.00010702 0.00000123 0.00000002
0.00030108 0.00000002 0.00006027 0.00000031 0.00000066 0.99963760
0.00003673 0.00152595 0.00006614 0.99832457 0.00004643 0.00000018
0.99283922 0.00001574 0.00000105 0.00104696 0.00002670 0.00607026
0.00000511 0.99988949 0.00000281 0.00003884 0.00006365 0.00000007
0.00004591 0.00000001 0.00439830 0.00000001 0.00002450 0.99553126
0.00000723 0.00000003 0.00000238 0.00000004 0.00005841 0.99993193
0.00000021 0.99968934 0.00000001 0.00019646 0.00011390 0.00000001
0.00028692 0.00000001 0.99964786 0.00000295 0.00000022 0.00006199
0.00010011 0.13788746 0.00166163 0.86016679 0.00018393 0.00000001
0.00030700 0.64700615 0.00107337 0.35110617 0.00050665 0.00000066
0.00006815 0.00000014 0.99991775 0.00001363 0.00000016 0.00000020
0.00002650 0.00000001 0.00003761 0.00000002 0.00000166 0.99993420
0.00004231 0.00000021 0.99995255 0.00000205 0.00000055 0.00000223
0.00000206 0.99977797 0.00000901 0.00014035 0.00007017 0.00000031
0.00000185 0.00000004 0.99998677 0.00000976 0.00000166 0.00000002
0.00012829 0.00000046 0.00010127 0.00000013 0.00001923 0.99975055
0.00000801 0.96758991 0.00000026 0.03090632 0.00149540 0.00000011
0.04645157 0.00000646 0.00020546 0.00000089 0.95332479 0.00001080
0.00002694 0.00050992 0.02198879 0.97734946 0.00012401 0.00000087
0.00005421 0.00000004 0.00012832 0.00000007 0.00000657 0.99981076
0.00001115 0.00001247 0.99951935 0.00045543 0.00000138 0.00000028
0.99956387 0.00000082 0.00002001 0.00000000 0.00034543 0.00006990
0.00006656 0.00000001 0.00001436 0.00000007 0.00000066 0.99991834
0.00001502 0.00000055 0.99953973 0.00044224 0.00000242 0.00000012
0.00000556 0.00007273 0.35437572 0.64522618 0.00029473 0.00002508
0.00004279 0.00000055 0.00000029 0.00000326 0.00000955 0.99994361
0.00000025 0.99946040 0.00000009 0.00049437 0.00004483 0.00000008
0.00007483 0.00954655 0.00337496 0.98681760 0.00018596 0.00000008
0.00012454 0.00000010 0.00047409 0.00000012 0.00001408 0.99938703
0.00002831 0.99984503 0.00003315 0.00001610 0.00007711 0.00000028
0.00000537 0.00000015 0.99999225 0.00000201 0.00000008 0.00000005
0.00002358 0.00000000 0.00000038 0.00000000 0.00023356 0.99974245
0.00000081 0.95864964 0.00000054 0.04079932 0.00054972 0.00000001
0.99699521 0.00000044 0.00085531 0.00000001 0.00006192 0.00208715
0.00057977 0.00000478 0.00000082 0.00000034 0.99938667 0.00002763
0.00007084 0.99972814 0.00019476 0.00000065 0.00000395 0.00000163
0.00001468 0.00000001 0.00000015 0.00000078 0.00001495 0.99996936
0.00000279 0.99998307 0.00000018 0.00001240 0.00000147 0.00000014
0.00001998 0.00000008 0.99996817 0.00001115 0.00000056 0.00000006
0.00010676 0.00098880 0.00036639 0.99834013 0.00019734 0.00000055
0.00000259 0.00000296 0.99996674 0.00002625 0.00000141 0.00000003
0.00000458 0.00000799 0.99117249 0.00881089 0.00000191 0.00000215
0.00047214 0.97330058 0.00003926 0.02420454 0.00196692 0.00001659
0.00002959 0.00545103 0.00004183 0.99436450 0.00011255 0.00000048
0.00000013 0.99733537 0.00000011 0.00059465 0.00206959 0.00000012
0.00000136 0.00000001 0.00000002 0.00000016 0.00002613 0.99997234
0.00000339 0.00000062 0.99999487 0.00000070 0.00000039 0.00000002
0.00000089 0.99999022 0.00000007 0.00000477 0.00000368 0.00000035
0.00001227 0.00000001 0.00000856 0.00000002 0.00000894 0.99997020
0.00001628 0.99895239 0.00005376 0.00073540 0.00024159 0.00000064
0.00000054 0.99982917 0.00000036 0.00011564 0.00005421 0.00000007
0.01004346 0.97945797 0.00392324 0.00565972 0.00091539 0.00000018
0.00016983 0.00000005 0.00024257 0.00000017 0.00000913 0.99957830
0.00012712 0.00000001 0.00062529 0.00000002 0.00001601 0.99923158
0.00014481 0.00350017 0.00044879 0.99588263 0.00002333 0.00000029
0.00000276 0.00171583 0.54528683 0.45266604 0.00030859 0.00001991
0.00000018 0.00148679 0.00042780 0.99784172 0.00023997 0.00000359
0.00000278 0.00000000 0.00000227 0.00000001 0.00004043 0.99995446
0.00018347 0.00000036 0.00000003 0.00000007 0.00005324 0.99976283
0.00086718 0.65025336 0.00305142 0.34505194 0.00077463 0.00000145
0.00001451 0.00000011 0.99997604 0.00000026 0.00000020 0.00000893
0.00000023 0.99994814 0.00000001 0.00004140 0.00001023 0.00000002
0.00016620 0.00000006 0.00000047 0.00000009 0.00166091 0.99817216
0.00001350 0.00559774 0.00011163 0.99406779 0.00020929 0.00000001
0.00001423 0.00000134 0.99976557 0.00021799 0.00000053 0.00000037
0.00007247 0.00037490 0.94753909 0.05199238 0.00002059 0.00000056
0.00000024 0.99803370 0.00000018 0.00165491 0.00031078 0.00000010
0.00000485 0.99972481 0.00000289 0.00015936 0.00010795 0.00000009
0.00006528 0.00000001 0.00024821 0.00000004 0.00000812 0.99967837
0.00010197 0.00000000 0.00000793 0.00000017 0.00000379 0.99988616
0.00001569 0.76317686 0.00000471 0.23382370 0.00297883 0.00000021
0.00087364 0.00000086 0.00000002 0.00000001 0.00070199 0.99842358
0.00002876 0.00000027 0.99928999 0.00067445 0.00000611 0.00000038
0.00021561 0.04762166 0.00498966 0.94715339 0.00001960 0.00000004
0.00006390 0.00000006 0.00028029 0.00000021 0.00003437 0.99962103
0.00000856 0.00000002 0.00000079 0.00000001 0.00001368 0.99997699
0.00000479 0.00000108 0.00021005 0.99943131 0.00023285 0.00011988
0.00024752 0.10667228 0.00553157 0.88745040 0.00009765 0.00000051
0.00000006 0.99962854 0.00000000 0.00032312 0.00004821 0.00000002
0.00238722 0.99716753 0.00027631 0.00016694 0.00000094 0.00000108
0.00002215 0.00000062 0.00000148 0.00000016 0.00000716 0.99996853
0.00000920 0.99990427 0.00000104 0.00008426 0.00000107 0.00000013
0.00000493 0.00001421 0.99992418 0.00005580 0.00000074 0.00000005
0.00002399 0.00000000 0.00027018 0.00000001 0.00000128 0.99970454
0.91200149 0.00000247 0.00023217 0.00000015 0.07865090 0.00911284
0.00012731 0.00000136 0.99983096 0.00003950 0.00000052 0.00000038
0.00000004 0.00009933 0.00001325 0.99911064 0.00077653 0.00000025
0.00002098 0.00000029 0.99997449 0.00000353 0.00000050 0.00000025
0.00009140 0.00000865 0.99988365 0.00001449 0.00000124 0.00000055
0.00050180 0.00692921 0.00256785 0.98977393 0.00022612 0.00000104
0.00008572 0.00364904 0.68247592 0.31232676 0.00145513 0.00000745
0.00000948 0.00000023 0.00000026 0.00000002 0.00022458 0.99976546
0.00001056 0.99998093 0.00000045 0.00000541 0.00000270 0.00000002
0.00006152 0.00000018 0.00000849 0.00000000 0.00003160 0.99989820
0.00000246 0.99970537 0.00000045 0.00027569 0.00001600 0.00000001
0.00009484 0.18262720 0.00748474 0.80564147 0.00415167 0.00000010
0.00000014 0.99783391 0.00000003 0.00069247 0.00147332 0.00000013
0.00006233 0.00000046 0.00038761 0.00000025 0.00002046 0.99952888
0.00000005 0.00000000 0.00000003 0.00000001 0.00002046 0.99997950
0.00000765 0.00000031 0.99977928 0.00020983 0.00000226 0.00000075
0.00003631 0.00004157 0.99973029 0.00011143 0.00008036 0.00000007
0.00000056 0.99752754 0.00000002 0.00199958 0.00047223 0.00000008
0.00000109 0.00002282 0.99526948 0.00470566 0.00000065 0.00000024
0.00025929 0.00000002 0.00028571 0.00000003 0.00000505 0.99944991
0.00012657 0.00221542 0.00090500 0.99651825 0.00023338 0.00000145
0.00012157 0.00000003 0.00000068 0.00000000 0.00018479 0.99969304
0.00000346 0.00000003 0.00001654 0.00000135 0.00004749 0.99993122
0.00000055 0.99982882 0.00000005 0.00016358 0.00000698 0.00000002
0.00029219 0.00000107 0.00023520 0.00000006 0.00000806 0.99946338
0.00000055 0.99972790 0.00000006 0.00019994 0.00007131 0.00000007
0.00002226 0.00002145 0.99986041 0.00009404 0.00000026 0.00000154
0.00004006 0.00000282 0.99995422 0.00000254 0.00000029 0.00000016
0.00213832 0.98218751 0.00123832 0.01104917 0.00338671 0.00000006
0.00000199 0.99912673 0.00000014 0.00067988 0.00019120 0.00000013
0.00001003 0.00000002 0.00000004 0.00000005 0.00000337 0.99998653
0.00000013 0.99976057 0.00000001 0.00020407 0.00003529 0.00000002
0.00005992 0.00000001 0.00000941 0.00000003 0.00001359 0.99991703
0.00028344 0.00000000 0.00006112 0.00000001 0.00001229 0.99964309
0.00000265 0.00000046 0.99997795 0.00000764 0.00001108 0.00000027
0.00002524 0.00009984 0.00000008 0.00049945 0.99932384 0.00005149
0.00000591 0.00000013 0.99994552 0.00004664 0.00000046 0.00000133
0.00001909 0.00002732 0.00055476 0.99936289 0.00003543 0.00000061
0.00030563 0.00000000 0.00016672 0.00000006 0.00000307 0.99952447
0.00037525 0.03319279 0.00872730 0.95721400 0.00048957 0.00000108
0.00002599 0.03156697 0.00006627 0.96809399 0.00024672 0.00000004
0.00011243 0.00000526 0.00000000 0.00000004 0.00044206 0.99944025
0.00000208 0.00000012 0.99991190 0.00008480 0.00000105 0.00000012
0.00002608 0.00000917 0.99987769 0.00007423 0.00001263 0.00000014
0.00000467 0.99935275 0.00000015 0.00045444 0.00018780 0.00000009
0.00000811 0.00000001 0.00000025 0.00000011 0.00000148 0.99998999
0.00012692 0.00000076 0.99986887 0.00000008 0.00000040 0.00000301
0.00002196 0.01550124 0.00103947 0.98069233 0.00274500 0.00000005
0.00001699 0.00000000 0.00003879 0.00000000 0.00000058 0.99994361
0.00043655 0.00001419 0.99953508 0.00000895 0.00000347 0.00000174
0.00001676 0.99974483 0.00003221 0.00005031 0.00015566 0.00000029
0.00003745 0.00000045 0.00003047 0.00000002 0.00000206 0.99992955
0.00005947 0.00000001 0.00072706 0.00000002 0.00001014 0.99920338
0.00478595 0.00000379 0.00000051 0.00000099 0.99509901 0.00010983
0.00000822 0.00000005 0.00000751 0.00000004 0.00002679 0.99995744
0.00101897 0.00005554 0.26690766 0.73157769 0.00006103 0.00037909
0.00012901 0.00142860 0.00268023 0.99569917 0.00006159 0.00000151
0.00004406 0.98768800 0.00002774 0.01218970 0.00005050 0.00000002
0.00002448 0.00000000 0.00003567 0.00000001 0.00000047 0.99993944
0.00000250 0.00027335 0.00000134 0.99969816 0.00002455 0.00000010
0.00001388 0.00000002 0.00000009 0.00000003 0.00004968 0.99993634
0.00006445 0.00000001 0.00067368 0.00000008 0.00000833 0.99925345
0.00001785 0.00000327 0.00000008 0.00000047 0.99996257 0.00001564
0.99979895 0.00000033 0.00002537 0.00000016 0.00015870 0.00001642
0.00000370 0.17825338 0.00000367 0.82142299 0.00031626 0.00000001
0.00003841 0.00000000 0.00013286 0.00000001 0.00005414 0.99977463
0.00017322 0.00000002 0.00173792 0.00000011 0.00000234 0.99808645
0.00746422 0.00000005 0.00000252 0.00000002 0.00000307 0.99253017
0.00001767 0.00003004 0.94756657 0.05237290 0.00000537 0.00000741
0.00000581 0.00000000 0.00019709 0.00000001 0.00003779 0.99975926
0.00002373 0.00000048 0.99997437 0.00000088 0.00000027 0.00000028
0.00000287 0.00003883 0.00001982 0.99987495 0.00006274 0.00000071
0.00000164 0.00000004 0.00000005 0.00000013 0.00016952 0.99982870
0.00000122 0.00000001 0.00000377 0.00000073 0.00000732 0.99998701
0.00000403 0.00004344 0.98849154 0.01145699 0.00000318 0.00000084
0.00002196 0.00000012 0.99997079 0.00000550 0.00000153 0.00000006
0.00006306 0.00000267 0.99953711 0.00039649 0.00000043 0.00000019
0.00000002 0.00000000 0.00000002 0.00000001 0.00000137 0.99999857
0.02289167 0.00000065 0.00004023 0.00000015 0.97689021 0.00017718
0.00018617 0.00000001 0.00022569 0.00000002 0.00001934 0.99956876
0.00065929 0.10148444 0.00008809 0.89682484 0.00091360 0.00002979
0.00035877 0.00000199 0.99959308 0.00004021 0.00000541 0.00000061
0.00003198 0.05355699 0.02330610 0.92208058 0.00102425 0.00000004
0.00000009 0.00016215 0.00081493 0.99885702 0.00016435 0.00000151
0.00056581 0.99383128 0.00469943 0.00089095 0.00001194 0.00000058
0.00000035 0.99883372 0.00000008 0.00114459 0.00002126 0.00000005
0.00017651 0.00000004 0.00000002 0.00000000 0.00002741 0.99979609
0.00049663 0.00136389 0.97153878 0.02652889 0.00006847 0.00000336
0.00002021 0.00081315 0.00007223 0.99899632 0.00009775 0.00000036
0.00006324 0.00000001 0.00051012 0.00000001 0.00002633 0.99940026
0.00025876 0.00383983 0.00022769 0.99554306 0.00013003 0.00000064
0.00001666 0.00000001 0.00000228 0.00000001 0.00085562 0.99912542
0.00025800 0.00000012 0.00001716 0.00000004 0.00000113 0.99972361
0.00000021 0.99791163 0.00000001 0.00176487 0.00032318 0.00000002
0.00004352 0.00000001 0.00000201 0.00000000 0.00001135 0.99994314
0.00000952 0.00000001 0.00000077 0.00000000 0.00003042 0.99995923
0.00014516 0.00000007 0.00081278 0.00000003 0.00001562 0.99902630
0.00004526 0.00000001 0.00197066 0.00000007 0.00007124 0.99791270
0.00001778 0.00000064 0.99994338 0.00003389 0.00000008 0.00000425
0.00003470 0.01909195 0.00009704 0.98066539 0.00011088 0.00000003
0.00004542 0.00000006 0.00001559 0.00000079 0.00000660 0.99993145
0.00000806 0.00000000 0.00000250 0.00000000 0.00004558 0.99994385
0.00000011 0.99971730 0.00000007 0.00022934 0.00005321 0.00000005
0.00010858 0.00000002 0.00002021 0.00000005 0.00000134 0.99986982
0.00001794 0.00000042 0.00000019 0.00000009 0.00002882 0.99995244
0.00002196 0.00009141 0.00009684 0.99976438 0.00002512 0.00000022
0.00008477 0.00000002 0.00036643 0.00000005 0.00000573 0.99954307
0.00011142 0.00000003 0.00002718 0.00000006 0.00000151 0.99985969
0.00014005 0.00259339 0.00067081 0.99650961 0.00008557 0.00000055
0.00000008 0.99956805 0.00000001 0.00032419 0.00010757 0.00000004
0.00037995 0.00000032 0.00001211 0.00000002 0.00001806 0.99958950
0.00000204 0.99614596 0.00000002 0.00329701 0.00055497 0.00000001
0.00090735 0.00041294 0.00299438 0.99551070 0.00017244 0.00000218
0.00000201 0.99035162 0.00000043 0.00563429 0.00401168 0.00000001
0.00007945 0.97523040 0.00007420 0.02457138 0.00004457 0.00000002
0.00320444 0.98889881 0.00336314 0.00452284 0.00000953 0.00000131
0.00011758 0.00000001 0.00000005 0.00000002 0.00017136 0.99971098
0.00001761 0.00000000 0.00002753 0.00000001 0.00000085 0.99995399
0.00005945 0.00601320 0.00065988 0.99309820 0.00016896 0.00000033
0.00000912 0.00000006 0.00000144 0.00000000 0.00001497 0.99997449
0.00003800 0.00000001 0.00017398 0.00000029 0.00001257 0.99977523
0.00000703 0.00000268 0.97747517 0.02251176 0.00000220 0.00000113
0.00006312 0.00000001 0.00000673 0.00000041 0.00000790 0.99992192
0.00000170 0.00011468 0.96618539 0.03368843 0.00000510 0.00000466
0.00000199 0.99997425 0.00000010 0.00001896 0.00000466 0.00000001
0.00001610 0.00000071 0.99997032 0.00001251 0.00000026 0.00000014
0.00010697 0.00000000 0.00024275 0.00000001 0.00000157 0.99964869
0.00006051 0.00000197 0.99988019 0.00005630 0.00000084 0.00000014
0.00016344 0.00000001 0.00053357 0.00000004 0.00000480 0.99929821
0.00008022 0.99315464 0.00000293 0.00358997 0.00317182 0.00000050
0.00000025 0.00014051 0.00060274 0.99747282 0.00178195 0.00000165
0.00012778 0.00000002 0.00001849 0.00000013 0.00002456 0.99982905
0.00000713 0.15374692 0.00351139 0.83822930 0.00450513 0.00000011
0.00122083 0.99685800 0.00058780 0.00131858 0.00001367 0.00000107
0.00000860 0.00007848 0.00019416 0.99969292 0.00002509 0.00000071
0.00106879 0.99745840 0.00081240 0.00065690 0.00000342 0.00000016
0.99896979 0.00001166 0.00001204 0.00000002 0.00003918 0.00096733
0.00001742 0.00005869 0.99983191 0.00008322 0.00000852 0.00000021
0.00131676 0.00119585 0.27827996 0.71916479 0.00000778 0.00003483
0.99996221 0.00001567 0.00000091 0.00000005 0.00001555 0.00000566
0.00003836 0.00000011 0.99995506 0.00000040 0.00000026 0.00000583
0.00180200 0.00521584 0.17454769 0.81841052 0.00000653 0.00001739
0.00000472 0.99910647 0.00000032 0.00042363 0.00046473 0.00000008
0.00005052 0.00298593 0.00260215 0.99427754 0.00008348 0.00000030
0.00000643 0.00000947 0.99993157 0.00003531 0.00001655 0.00000061
0.00003639 0.00000003 0.00000312 0.00000192 0.00000257 0.99995601
0.00022694 0.00000003 0.00010065 0.00000001 0.00001072 0.99966168
0.00022731 0.00000015 0.00070614 0.00000007 0.00000488 0.99906141
0.99818712 0.00000213 0.00003266 0.00000003 0.00177368 0.00000439
0.00000734 0.00000001 0.00000010 0.00000057 0.00001625 0.99997568
0.00001858 0.00000145 0.00000011 0.00000188 0.00000946 0.99996853
0.00003503 0.00000000 0.00131347 0.00000001 0.00000304 0.99864846
0.00000384 0.00004411 0.00002343 0.99990845 0.00001988 0.00000021
0.00000035 0.99585247 0.00000004 0.00178864 0.00235831 0.00000010
0.00012048 0.00001284 0.99713540 0.00272687 0.00000023 0.00000421
0.00003503 0.00000118 0.99996245 0.00000063 0.00000020 0.00000044
0.00000798 0.00000072 0.00001732 0.00000040 0.00000647 0.99996710
0.00000010 0.99867296 0.00000004 0.00053324 0.00079362 0.00000007
0.00000163 0.99784899 0.00013517 0.00102718 0.00098681 0.00000023
0.00001176 0.49568793 0.00000459 0.50386280 0.00043287 0.00000001
0.99039674 0.00009865 0.00000042 0.00880292 0.00000753 0.00069363
0.00067302 0.24395156 0.01321699 0.74018037 0.00197632 0.00000169
0.99901152 0.00000166 0.00000267 0.00000012 0.00074438 0.00023962
0.00000006 0.99995708 0.00000000 0.00002621 0.00001663 0.00000001
0.00018463 0.99976391 0.00004687 0.00000128 0.00000176 0.00000151
0.00001111 0.00087200 0.00007165 0.99898177 0.00006326 0.00000014
0.00000378 0.00003905 0.93294442 0.06699906 0.00000422 0.00000948
0.00007002 0.00000001 0.00127904 0.00000001 0.00001429 0.99863666
0.00285856 0.29081669 0.00619621 0.69980800 0.00031912 0.00000146
0.00166950 0.59159511 0.00202477 0.40239999 0.00230784 0.00000280
0.00000077 0.99846470 0.00000007 0.00146833 0.00006616 0.00000004
0.00008029 0.06287991 0.62632650 0.25705954 0.05364962 0.00000418
0.00000025 0.99990380 0.00000001 0.00008410 0.00001179 0.00000002
0.00001648 0.03758238 0.00018934 0.96218932 0.00002241 0.00000000
0.00000252 0.99995434 0.00000406 0.00001311 0.00002581 0.00000013
0.00002264 0.00000002 0.00000016 0.00000000 0.00005290 0.99992430
0.00000015 0.99956208 0.00000004 0.00012081 0.00031674 0.00000007
0.00039927 0.00000001 0.00000704 0.00000000 0.00038461 0.99920911
0.00001193 0.99976498 0.00000617 0.00003431 0.00018252 0.00000013
0.00019444 0.00170325 0.00268991 0.99533892 0.00007265 0.00000084
0.00214154 0.99459088 0.00004633 0.00308846 0.00013259 0.00000021
0.00000990 0.33229181 0.00000038 0.66391373 0.00378197 0.00000222
0.00354601 0.81376779 0.00204415 0.18053734 0.00010347 0.00000130
0.00099574 0.00000025 0.00055598 0.00000002 0.00000703 0.99844104
0.00009576 0.00048366 0.99800509 0.00136018 0.00001220 0.00004323
0.00002100 0.00000128 0.99997449 0.00000090 0.00000035 0.00000201
0.00002214 0.00000001 0.00001566 0.00000001 0.00001335 0.99994886
0.00000979 0.00000033 0.99998915 0.00000049 0.00000007 0.00000010
0.00039251 0.00000001 0.00001425 0.00000000 0.00000200 0.99959129
0.00005940 0.00000052 0.99993682 0.00000059 0.00000099 0.00000162
0.00004491 0.00000001 0.00020875 0.00000005 0.00004649 0.99969983
0.00000347 0.99984145 0.00000011 0.00014335 0.00001156 0.00000003
0.00001823 0.99908149 0.00000374 0.00089233 0.00000422 0.00000003
0.00000425 0.00001516 0.00002283 0.99993706 0.00002031 0.00000046
0.00000637 0.00000079 0.99997902 0.00001269 0.00000090 0.00000024
0.00000031 0.99491054 0.00000002 0.00498173 0.00010736 0.00000000
0.00007052 0.99991667 0.00000974 0.00000225 0.00000027 0.00000050
0.00001428 0.00006280 0.99990952 0.00001245 0.00000099 0.00000000
0.00000131 0.99991596 0.00000223 0.00001667 0.00006375 0.00000009
0.00002504 0.00008943 0.85488129 0.14491124 0.00008833 0.00000467
0.00014664 0.01265354 0.54694873 0.44010302 0.00014799 0.00000005
0.00001678 0.00000083 0.99997926 0.00000156 0.00000144 0.00000009
0.00001745 0.00000001 0.00000008 0.00000000 0.00001065 0.99997187
0.00049986 0.00004559 0.00000005 0.00000119 0.99940991 0.00004345
0.00001781 0.00000001 0.00000941 0.00000001 0.00000323 0.99996960
0.00006826 0.99796188 0.00000243 0.00196500 0.00000188 0.00000054
0.00000007 0.99913257 0.00000005 0.00031627 0.00055099 0.00000007
0.00001401 0.00000002 0.00008477 0.00000007 0.00000564 0.99989545
0.00035118 0.00000001 0.00060785 0.00000001 0.00001502 0.99902594
0.00076019 0.00000296 0.00000002 0.00000119 0.00027243 0.99896324
0.00866588 0.98029011 0.01083699 0.00011866 0.00008389 0.00000458
0.00000295 0.00000000 0.00000168 0.00000001 0.00000489 0.99999046
0.00003285 0.00212702 0.00079987 0.99693382 0.00010549 0.00000101
0.00000012 0.99974757 0.00000003 0.00016815 0.00008405 0.00000003
0.00014859 0.00000156 0.00000018 0.00000014 0.00000417 0.99984539
0.00000111 0.00003311 0.00017749 0.99971098 0.00006510 0.00001219
0.00005302 0.99983442 0.00009794 0.00000930 0.00000462 0.00000076
0.00000755 0.99837732 0.00002681 0.00147944 0.00010794 0.00000088
0.00003656 0.00000621 0.99995315 0.00000018 0.00000028 0.00000367
0.00000153 0.00000005 0.00000369 0.00000184 0.00002929 0.99996364
0.00000455 0.99752957 0.00000538 0.00234375 0.00011666 0.00000000
0.00036227 0.00000020 0.00000135 0.00000010 0.00058956 0.99904650
0.00000197 0.00000170 0.99965727 0.00033754 0.00000093 0.00000062
0.00001174 0.00000000 0.00000002 0.00000001 0.00002365 0.99996459
0.00001300 0.00000031 0.00008216 0.99870443 0.00002289 0.00117717
0.00000062 0.00023591 0.00346874 0.99607736 0.00021698 0.00000037
0.00000541 0.00002743 0.98836106 0.01159758 0.00000284 0.00000563
0.99531823 0.00000056 0.00005111 0.00000013 0.00450356 0.00012633
0.00000216 0.98728639 0.00000027 0.01250037 0.00021070 0.00000011
0.92142367 0.00001463 0.00000660 0.00001176 0.07836532 0.00017801
0.00002714 0.00000023 0.00001554 0.00000018 0.00002942 0.99992752
0.00000496 0.00000025 0.99999309 0.00000054 0.00000103 0.00000013
0.00005424 0.00000004 0.00002258 0.00000016 0.00000777 0.99991524
0.00004576 0.00000020 0.00000006 0.00000000 0.00019217 0.99976176
0.00003055 0.98602378 0.00243235 0.01034234 0.00117091 0.00000002
0.00004833 0.00000000 0.00000226 0.00000000 0.00005093 0.99989843
0.00000018 0.99992657 0.00000001 0.00004358 0.00002961 0.00000002
0.00000177 0.99991238 0.00000077 0.00003398 0.00005087 0.00000019
0.00009361 0.00000001 0.00007273 0.00000016 0.00003838 0.99979514
0.00000115 0.99900949 0.00001015 0.00047576 0.00050318 0.00000024
0.00000414 0.00000046 0.00030138 0.99950540 0.00000723 0.00018133
0.00000028 0.99643123 0.00000005 0.00084348 0.00272494 0.00000003
0.00013480 0.00000001 0.00013584 0.00000004 0.00000259 0.99972671
0.00000383 0.00000000 0.00000196 0.00000000 0.00008222 0.99991202
0.00003894 0.00000000 0.00002296 0.00000001 0.00000154 0.99993658
0.00002356 0.00000018 0.00001007 0.00000013 0.00000366 0.99996233
0.00000002 0.00000000 0.00000017 0.00000000 0.00001541 0.99998438
0.00004469 0.00000001 0.00001444 0.00000002 0.00002222 0.99991870
0.00000414 0.00011866 0.00008377 0.99977523 0.00001811 0.00000008
0.00001746 0.00000200 0.99997902 0.00000071 0.00000039 0.00000038
0.00002854 0.00039363 0.00016230 0.99938834 0.00002683 0.00000037
0.00032631 0.00011174 0.00034972 0.99919838 0.00001187 0.00000206
0.00000035 0.99010438 0.00000008 0.00980190 0.00009327 0.00000002
0.99288553 0.00000083 0.00404879 0.00000001 0.00248224 0.00058257
0.00001878 0.00000000 0.00000356 0.00000033 0.00000775 0.99996960
0.00018162 0.00000004 0.00025291 0.00000007 0.00000345 0.99956185
0.00004902 0.00000003 0.00219174 0.00000007 0.00008943 0.99766964
0.00000009 0.99987519 0.00000000 0.00009982 0.00002489 0.00000001
0.00005779 0.00000000 0.00033526 0.00000006 0.00002662 0.99958020
0.00003088 0.00000206 0.00001168 0.00000698 0.00077171 0.99917668
0.00001536 0.00018745 0.05210803 0.94750464 0.00017791 0.00000662
0.00000026 0.99976939 0.00000003 0.00010196 0.00012844 0.00000003
0.00008081 0.00000002 0.00000254 0.00000038 0.00003417 0.99988210
0.00002141 0.00000002 0.00000504 0.00000003 0.00000168 0.99997187
0.00017363 0.00000014 0.00000003 0.00000000 0.00008415 0.99974209
0.00000122 0.00000673 0.99986362 0.00012598 0.00000224 0.00000020
0.00010614 0.00000001 0.00057838 0.00000001 0.00000782 0.99930763
0.00005086 0.00000000 0.00000411 0.00000004 0.00002336 0.99992168
0.00021626 0.00000002 0.00026180 0.00000021 0.00000774 0.99951398
0.00000036 0.99779522 0.00000006 0.00219268 0.00001175 0.00000002
0.00047308 0.00001391 0.02813171 0.97125047 0.00009895 0.00003180
0.00020823 0.00000004 0.00003160 0.00000002 0.00000413 0.99975604
0.00018286 0.00009275 0.02688313 0.86396360 0.03352814 0.07534959
0.00000122 0.99904293 0.00000054 0.00083757 0.00011750 0.00000025
0.00040875 0.21016687 0.38434461 0.40099904 0.00408038 0.00000030
0.00052016 0.00000277 0.00040592 0.00000045 0.00008341 0.99898726
0.00027598 0.00000009 0.99971527 0.00000062 0.00000540 0.00000258
0.00000606 0.00056774 0.00001608 0.99936408 0.00004592 0.00000013
0.00000164 0.68316764 0.00002344 0.31619355 0.00061376 0.00000000
0.00000123 0.99970514 0.00000033 0.00021344 0.00007973 0.00000012
0.00013090 0.00000003 0.00415759 0.00000002 0.00006720 0.99564433
0.00004582 0.00000003 0.00000004 0.00000008 0.00009238 0.99986160
0.00001113 0.00001259 0.99888140 0.00108664 0.00000812 0.00000011
0.00002214 0.00000000 0.00000136 0.00000001 0.00001900 0.99995756
0.00004050 0.00000327 0.99986887 0.00007261 0.00000040 0.00001440
0.00000299 0.00000656 0.99974900 0.00024039 0.00000111 0.00000000
0.00033865 0.00000041 0.00000200 0.00002107 0.00000260 0.99963534
0.00007062 0.00700114 0.00093932 0.99014837 0.00183956 0.00000109
0.00001905 0.00285343 0.00011443 0.99690968 0.00010320 0.00000014
0.00001390 0.00000001 0.00001112 0.00000002 0.00000660 0.99996841
0.00000336 0.00000089 0.99972075 0.00027436 0.00000053 0.00000004
0.00006773 0.00000000 0.00008074 0.00000002 0.00000123 0.99985027
0.00000387 0.00011537 0.01470307 0.98470360 0.00046927 0.00000485
0.00000015 0.99950659 0.00000001 0.00042411 0.00006924 0.00000004
0.00007405 0.00000001 0.00056020 0.00000003 0.00001165 0.99935406
0.00001708 0.00000667 0.99990869 0.00005919 0.00000013 0.00000833
0.00000338 0.00000021 0.00095578 0.00000080 0.00005744 0.99898225
0.00008126 0.00000000 0.00003630 0.00000003 0.00000154 0.99988091
0.00002206 0.00000001 0.00000000 0.00000000 0.00001013 0.99996781
0.00000029 0.99840075 0.00000002 0.00133521 0.00026364 0.00000005
0.00000034 0.99945718 0.00000005 0.00042345 0.00011902 0.00000000
0.00018307 0.00000019 0.00000647 0.00000003 0.00000282 0.99980742
0.00003956 0.00000001 0.00030991 0.00000002 0.00001875 0.99963176
0.00000116 0.99542588 0.00000026 0.00446736 0.00010533 0.00000006
0.00038835 0.00000000 0.00001013 0.00000012 0.00000087 0.99960059
0.26266244 0.00000269 0.00009065 0.00000027 0.73432070 0.00292326
0.03061749 0.00001836 0.00000844 0.00000519 0.96913648 0.00021393
0.00043624 0.01339090 0.00332879 0.98118913 0.00162014 0.00003476
0.00017825 0.00000008 0.00002732 0.00000010 0.00000390 0.99979037
0.00001545 0.00000001 0.00002384 0.00000004 0.00000916 0.99995160
0.00010090 0.00000001 0.00318994 0.00000000 0.00000972 0.99669939
0.00000022 0.99991238 0.00000002 0.00007511 0.00001227 0.00000001
0.00002014 0.00000000 0.00007661 0.00000001 0.00000137 0.99990189
0.00002015 0.00000007 0.00000756 0.00000000 0.00002577 0.99994636
0.00001731 0.00289866 0.00005823 0.99701297 0.00001256 0.00000024
0.00010180 0.00000001 0.00087448 0.00000001 0.00001086 0.99901283
0.00002522 0.00000147 0.99995029 0.00002144 0.00000109 0.00000042
0.00002082 0.96675771 0.00000141 0.03104225 0.00217738 0.00000041
0.00000037 0.00002232 0.00020887 0.99936920 0.00039885 0.00000047
0.00000013 0.99886250 0.00000049 0.00091279 0.00022407 0.00000004
0.99978882 0.00003080 0.00000160 0.00000003 0.00015024 0.00002847
0.00000079 0.99911457 0.00000016 0.00078358 0.00010094 0.00000006
0.00005703 0.00000001 0.00078237 0.00000005 0.00005722 0.99910337
0.00000017 0.99718094 0.00000002 0.00088495 0.00193384 0.00000009
0.00000391 0.99991333 0.00000534 0.00003078 0.00004655 0.00000016
0.00873211 0.01163047 0.00125139 0.00198101 0.97228956 0.00411545
0.00000424 0.00000009 0.00000012 0.00000006 0.00002071 0.99997485
0.00000035 0.99991441 0.00000001 0.00007617 0.00000906 0.00000006
0.00079933 0.00000052 0.00000197 0.00000007 0.99850982 0.00068826
0.00011478 0.15810329 0.00100583 0.83965176 0.00112414 0.00000028
0.00059076 0.34801856 0.00084067 0.65026367 0.00028354 0.00000278
0.00028841 0.00152777 0.00461033 0.99215627 0.00141226 0.00000494
0.00000088 0.00025891 0.00004637 0.99915373 0.00054011 0.00000008
0.00004631 0.00000000 0.00061957 0.00000005 0.00002263 0.99931145
0.00000004 0.00000000 0.00000002 0.00000001 0.00000211 0.99999785
0.00029151 0.00000028 0.00018488 0.00000009 0.00000528 0.99951804
0.00000463 0.00000007 0.99999309 0.00000197 0.00000011 0.00000009
0.00011740 0.99981052 0.00000134 0.00006445 0.00000599 0.00000021
0.00405339 0.00000168 0.00000447 0.00000030 0.99589586 0.00004430
0.99700898 0.00000011 0.00002955 0.00000015 0.00259184 0.00036933
0.00000224 0.00000004 0.99999642 0.00000049 0.00000039 0.00000048
0.00015522 0.00000001 0.00152955 0.00000001 0.00001896 0.99829632
0.00001066 0.00000008 0.99998093 0.00000287 0.00000177 0.00000367
0.00000395 0.00000001 0.00000080 0.00000003 0.00036644 0.99962878
0.00001172 0.99715793 0.00000533 0.00156136 0.00126304 0.00000056
0.00000067 0.00000000 0.00003866 0.00000004 0.00000353 0.99995708
0.00000355 0.00000008 0.99999237 0.00000014 0.00000377 0.00000018
0.00001009 0.00000346 0.99983799 0.00014576 0.00000237 0.00000022
0.00001141 0.00731392 0.00006971 0.99257493 0.00003003 0.00000005
0.19249609 0.00000588 0.00034606 0.00000750 0.80654049 0.00060402
0.00007737 0.00000006 0.00015987 0.00000007 0.00000740 0.99975508
0.00000073 0.99606699 0.00000003 0.00378760 0.00014467 0.00000006
0.00006775 0.00000041 0.00005980 0.99889308 0.00000354 0.00097544
0.00003249 0.12633279 0.01824334 0.85243708 0.00295425 0.00000002
0.99981898 0.00009201 0.00000052 0.00000240 0.00000055 0.00008558
0.00012991 0.00000002 0.00011577 0.00000005 0.00000085 0.99975342
0.99912995 0.00000017 0.00002696 0.00000068 0.00070744 0.00013479
0.00005098 0.00000001 0.00093198 0.00000004 0.00004487 0.99897218
0.00000032 0.99939537 0.00000003 0.00051698 0.00008718 0.00000009
0.00014969 0.00006398 0.99958581 0.00019570 0.00000462 0.00000021
0.00000821 0.00001137 0.99959379 0.00038577 0.00000045 0.00000040
0.00002941 0.00000002 0.00000890 0.00000024 0.00001599 0.99994552
0.00000061 0.99976081 0.00000010 0.00016102 0.00007751 0.00000003
0.00004244 0.00000001 0.00165889 0.00000000 0.00000356 0.99829513
0.00000019 0.99964917 0.00000004 0.00026310 0.00008752 0.00000005
0.00000733 0.00000365 0.99987400 0.00011034 0.00000431 0.00000032
0.00000021 0.98732692 0.00000007 0.01257972 0.00009301 0.00000006
0.00000737 0.08081921 0.00005996 0.91482103 0.00429216 0.00000026
0.00000039 0.99126726 0.00000002 0.00865132 0.00008106 0.00000000
0.00000009 0.99979645 0.00000001 0.00016073 0.00004271 0.00000002
0.00000155 0.99919003 0.00000037 0.00080516 0.00000270 0.00000008
0.00000609 0.00000784 0.99992800 0.00005578 0.00000216 0.00000019
0.00000351 0.99995232 0.00000018 0.00004205 0.00000174 0.00000012
0.00028883 0.08579381 0.00049376 0.91318363 0.00023989 0.00000008
0.00010820 0.77616787 0.00165812 0.22044334 0.00162248 0.00000003
0.00000206 0.00000039 0.99999130 0.00000576 0.00000042 0.00000001
0.00000842 0.00000023 0.99999070 0.00000024 0.00000024 0.00000014
0.00013200 0.00000047 0.99986589 0.00000113 0.00000039 0.00000012
0.00009712 0.00000002 0.00104059 0.00000000 0.00000510 0.99885714
0.00187313 0.99598759 0.00212721 0.00000070 0.00000955 0.00000172
0.00010575 0.00000001 0.00135774 0.00000002 0.00000755 0.99852896
0.00000768 0.00000005 0.00000002 0.00000000 0.00001512 0.99997723
0.00004087 0.00000880 0.99972659 0.00022262 0.00000078 0.00000038
0.00024534 0.00000022 0.00000194 0.00000000 0.00244477 0.99730766
0.00003948 0.00000041 0.99982125 0.00013820 0.00000029 0.00000037
0.00002295 0.00000048 0.99996817 0.00000755 0.00000016 0.00000063
0.00000072 0.99966109 0.00000025 0.00019232 0.00014549 0.00000007
0.00001943 0.99995923 0.00000229 0.00001671 0.00000180 0.00000058
0.00002839 0.00000003 0.00000119 0.00000002 0.00002018 0.99995029
0.00000106 0.99518883 0.00000004 0.00435087 0.00045919 0.00000006
0.97381806 0.00000062 0.00548705 0.00000001 0.00746384 0.01323042
0.00000012 0.99841917 0.00000002 0.00114985 0.00043074 0.00000007
0.00422947 0.00000020 0.00019814 0.00000002 0.00030167 0.99527043
0.00000470 0.99996698 0.00000016 0.00002555 0.00000236 0.00000026
0.00003569 0.00000858 0.99992859 0.00002590 0.00000060 0.00000070
0.00002838 0.13198999 0.00025751 0.86769795 0.00002613 0.00000001
0.00097076 0.02506995 0.04538751 0.92830873 0.00026094 0.00000205
0.00000007 0.99944800 0.00000001 0.00037253 0.00017938 0.00000003
0.00001006 0.00021109 0.30022004 0.69922650 0.00025953 0.00007275
0.00000146 0.99802446 0.00000002 0.00159675 0.00037732 0.00000005
0.01524267 0.00000880 0.00000926 0.00000024 0.98473513 0.00000383
0.00004774 0.97164220 0.00001073 0.02746596 0.00083321 0.00000011
0.99997818 0.00000054 0.00000151 0.00000001 0.00001546 0.00000428
0.00013713 0.00006485 0.03217999 0.96756941 0.00001519 0.00003337
0.00014916 0.00000000 0.00000060 0.00000001 0.00000402 0.99984622
0.00000072 0.99691641 0.00000006 0.00225891 0.00082369 0.00000008
0.00002105 0.00000004 0.00059514 0.00000016 0.00000628 0.99937743
0.00001474 0.00097005 0.00030595 0.99866426 0.00004496 0.00000013
0.00013602 0.00000016 0.00011024 0.00000006 0.00026039 0.99949312
0.00000744 0.00037033 0.83518732 0.16441798 0.00001595 0.00000092
0.00001284 0.00000638 0.99996376 0.00001405 0.00000245 0.00000054
0.00175550 0.99334079 0.00041307 0.00448886 0.00000142 0.00000031
0.00000291 0.99978429 0.00000008 0.00013518 0.00007747 0.00000006
0.00000144 0.99700755 0.00000039 0.00097842 0.00201176 0.00000047
0.00129169 0.02495343 0.01036854 0.96303290 0.00034933 0.00000401
0.00011378 0.00292227 0.00112217 0.99572903 0.00011207 0.00000056
0.00008284 0.00000026 0.00000030 0.00000003 0.00003644 0.99988019
0.00000869 0.00000000 0.00000111 0.00000009 0.00004693 0.99994314
0.00003939 0.00000000 0.00135668 0.00000001 0.00000219 0.99860173
0.00005794 0.00000094 0.00000436 0.00000135 0.00001769 0.99991775
0.00000750 0.00001728 0.99995971 0.00000401 0.00001135 0.00000022
0.00000688 0.00000179 0.99997950 0.00001025 0.00000148 0.00000011
0.00000558 0.99989426 0.00000072 0.00006426 0.00003516 0.00000001
0.00002221 0.00000825 0.99957913 0.00038905 0.00000115 0.00000021
0.00001389 0.00000001 0.00000000 0.00000009 0.00000312 0.99998283
0.00000726 0.00000000 0.00001423 0.00000000 0.00000166 0.99997687
0.00002703 0.02646966 0.00025562 0.97280741 0.00044011 0.00000024
0.00000858 0.00000009 0.00000204 0.00000017 0.00029858 0.99969053
0.99994171 0.00000002 0.00002164 0.00000001 0.00002174 0.00001493
0.00001576 0.00000005 0.00000019 0.00000001 0.00006396 0.99992013
0.00000053 0.99977583 0.00000003 0.00016359 0.00005991 0.00000007
0.00000464 0.00001870 0.03091790 0.96759808 0.00140653 0.00005415
0.00003525 0.00005395 0.00000001 0.00001135 0.99988306 0.00001630
0.00001942 0.00002619 0.99989438 0.00005862 0.00000136 0.00000005
0.00045882 0.00000122 0.99948126 0.00005587 0.00000057 0.00000227
0.00000150 0.99839103 0.00000036 0.00134608 0.00026103 0.00000006
0.00002732 0.00000002 0.00013745 0.00000020 0.00000501 0.99983001
0.00080115 0.01083302 0.00545051 0.98262620 0.00028672 0.00000239
0.00001616 0.99997807 0.00000023 0.00000405 0.00000025 0.00000117
0.00005795 0.00738425 0.24165431 0.75050616 0.00038608 0.00001122
0.00017759 0.00000011 0.99981529 0.00000331 0.00000237 0.00000131
0.00000003 0.00000000 0.00000004 0.00000001 0.00000591 0.99999404
0.00003037 0.00000000 0.00035494 0.00000003 0.00000385 0.99961084
0.00001034 0.00014170 0.00031152 0.99950778 0.00002815 0.00000045
0.00000412 0.99973625 0.00000207 0.00018012 0.00007721 0.00000025
0.00000653 0.00000815 0.99995077 0.00003384 0.00000023 0.00000044
0.00000430 0.99679631 0.00000007 0.00316195 0.00003732 0.00000005
0.00002413 0.00000001 0.00000084 0.00000002 0.00002233 0.99995267
0.00005950 0.00000021 0.00002817 0.00000011 0.00000180 0.99991012
0.00003323 0.00000010 0.99996328 0.00000132 0.00000129 0.00000077
0.00000064 0.00000001 0.99999380 0.00000492 0.00000052 0.00000005
0.00016435 0.00000001 0.00000008 0.00000005 0.00000140 0.99983418
0.00012387 0.00000075 0.99987042 0.00000074 0.00000053 0.00000361
0.97093964 0.00000090 0.00153261 0.00000002 0.02612858 0.00139827
0.00000171 0.00000040 0.99986911 0.00012772 0.00000098 0.00000004
0.00003694 0.00000048 0.00000005 0.00000000 0.00001968 0.99994290
0.00005519 0.00000114 0.99964035 0.00030211 0.00000012 0.00000106
0.00003625 0.00000011 0.99996293 0.00000058 0.00000013 0.00000002
0.99958640 0.00000067 0.00000460 0.00000001 0.00040170 0.00000661
0.00000937 0.00000073 0.99998283 0.00000083 0.00000076 0.00000544
0.00014614 0.00000001 0.00139498 0.00000002 0.00003187 0.99842703
0.00021682 0.00000001 0.00025060 0.00000006 0.00000079 0.99953175
0.00007661 0.00000001 0.00144680 0.00000013 0.00000981 0.99846673
