0.00001670 0.00000039 0.99998176 0.00000031 0.00000002 0.00000083
0.00001670 0.00015843 0.99978954 0.00002753 0.00000789 0.00000003
0.00000479 0.00000000 0.00000000 0.00000000 0.00000137 0.99999380
0.00015479 0.97679991 0.00005694 0.02297213 0.00001631 0.00000000
0.00000083 0.00000107 0.00005829 0.00000002 0.00000050 0.99993932
0.00003536 0.00000176 0.99996138 0.00000083 0.00000065 0.00000003
0.00000007 0.00000002 0.00004540 0.00000000 0.00000050 0.99995399
0.00000420 0.87833107 0.00000000 0.00279554 0.11886919 0.00000000
0.00000003 0.00000001 0.00000050 0.00000000 0.00000002 0.99999940
0.00000031 0.00000019 0.00000137 0.00000001 0.00000290 0.99999523
0.00001013 0.00000050 0.00000000 0.00000024 0.00000226 0.99998689
0.00009610 0.00001301 0.99988008 0.00001013 0.00000065 0.00000001
0.12422568 0.15950891 0.55674088 0.15950891 0.00001533 0.00000028
0.00000003 0.00000001 0.00000014 0.00000000 0.00000000 0.99999976
0.00009610 0.00001301 0.99987793 0.00001301 0.00000000 0.00000003
0.00000282 0.02929979 0.00000362 0.97027582 0.00041794 0.00000000
0.00014630 0.92322856 0.00000005 0.07578322 0.00084188 0.00000001
0.00000000 0.00000007 0.00001013 0.00000002 0.00000004 0.99998975
0.99979502 0.00007484 0.00000039 0.00000614 0.00012338 0.00000031
0.99985445 0.00001670 0.00000478 0.00000065 0.00012339 0.00000007
0.00015783 0.00192272 0.22223616 0.77568048 0.00000289 0.00000000
0.00000047 0.07581939 0.00000008 0.92366916 0.00051087 0.00000000
0.00000774 0.98168278 0.00000000 0.01798015 0.00032932 0.00000000
0.00407011 0.00000011 0.00000007 0.00000175 0.00000477 0.99592316
0.00000764 0.21618283 0.00000008 0.02925717 0.75455225 0.00000000
0.73095161 0.26890209 0.00000017 0.00002584 0.00011583 0.00000449
0.00000005 0.00000001 0.00000789 0.00000000 0.00000065 0.99999142
0.00000380 0.61912280 0.00000001 0.37551692 0.00535646 0.00000000
0.00003510 0.00520993 0.77322268 0.22153199 0.00000018 0.00000002
0.00026102 0.99909043 0.00000000 0.00009602 0.00055258 0.00000000
0.00116951 0.00000000 0.00000000 0.00000001 0.00000372 0.99882680
0.00116942 0.00000002 0.00000000 0.00000065 0.00007476 0.99875522
0.00522010 0.00000024 0.00000009 0.00000002 0.00000476 0.99477482
0.01098410 0.00000011 0.00000002 0.00000009 0.00025832 0.98875731
0.99590528 0.00090815 0.00000007 0.00001663 0.00316975 0.00000009
0.00001264 0.97140414 0.00000002 0.01779189 0.01079133 0.00000000
0.00000000 0.00000000 0.00000000 0.00000000 0.00000000 1.00000000
0.00005082 0.67888552 0.32068279 0.00037548 0.00000536 0.00000000
0.00000010 0.11918626 0.00000005 0.88067394 0.00013955 0.00000000
0.00000226 0.00033511 0.99895179 0.00070943 0.00000000 0.00000137
0.00000290 0.00000009 0.99999571 0.00000011 0.00000031 0.00000083
0.00015844 0.00000009 0.00000001 0.00000001 0.00000011 0.99984133
0.00003536 0.00000614 0.99995220 0.00000614 0.00000014 0.00000001
0.00000262 0.09513587 0.00000008 0.90262407 0.00223738 0.00000000
0.00055266 0.00009604 0.99922788 0.00012331 0.00000000 0.00000000
0.00000176 0.00000001 0.00070960 0.00000001 0.00009603 0.99919266
0.17669241 0.03070454 0.00000015 0.00072210 0.79188049 0.00000031
0.00000107 0.00000137 0.99999249 0.00000024 0.00000479 0.00000007
0.00000050 0.00000004 0.00004540 0.00000001 0.00000019 0.99995387
0.00000077 0.92202902 0.00000000 0.07568476 0.00228548 0.00000000
0.00005829 0.00003535 0.99984682 0.00005829 0.00000011 0.00000107
0.00000028 0.91842264 0.00000000 0.07538873 0.00618828 0.00000000
0.00247260 0.00000787 0.99751878 0.00000050 0.00000019 0.00000001
0.00000029 0.06008568 0.00000350 0.93989825 0.00001223 0.00000000
0.00015839 0.00015839 0.99952400 0.00015839 0.00000083 0.00000001
0.00001300 0.00055259 0.99909902 0.00033516 0.00000003 0.00000024
0.00317157 0.00026034 0.99647766 0.00004524 0.00000003 0.00004524
0.00000350 0.06008537 0.00000212 0.93989331 0.00001570 0.00000000
0.00009610 0.00000003 0.00000009 0.00000001 0.00000024 0.99990356
0.00406644 0.00000002 0.00000000 0.00000064 0.00090735 0.99502558
0.00000951 0.93927747 0.00000000 0.06004600 0.00066705 0.00000000
0.00000373 0.00000001 0.00000003 0.00000001 0.00000107 0.99999523
0.00000130 0.00111411 0.95151156 0.04737297 0.00000001 0.00000000
0.00000000 0.00000002 0.00000176 0.00000000 0.00000002 0.99999821
0.00001295 0.00406937 0.00000612 0.00015779 0.99574077 0.00001295
0.00012339 0.00001670 0.99983764 0.00002144 0.00000083 0.00000001
0.00000099 0.72139847 0.00000001 0.26538768 0.01321287 0.00000000
0.00000764 0.75455230 0.00000001 0.21618284 0.02925717 0.00000000
0.00091066 0.00000001 0.00000004 0.00000009 0.00043016 0.99865901
0.00009610 0.00000000 0.00000000 0.00000002 0.00000050 0.99990332
0.00000039 0.00000083 0.99999869 0.00000014 0.00000000 0.00000002
0.00000059 0.09532686 0.00000010 0.90443611 0.00023629 0.00000000
0.00000005 0.00000050 0.00000065 0.00000001 0.00000137 0.99999750
0.00000003 0.00000003 0.00000011 0.00000000 0.00000031 0.99999952
0.00015092 0.95241690 0.00000456 0.04741804 0.00000965 0.00000000
0.00033410 0.99592388 0.00002136 0.00055083 0.00316981 0.00000000
0.00001670 0.00000000 0.00000000 0.00000002 0.00000479 0.99997854
0.00000009 0.00000002 0.00000002 0.00000000 0.00000003 0.99999988
0.00002615 0.21193598 0.57610166 0.21193598 0.00000023 0.00000000
0.00012339 0.00000009 0.00000001 0.00000002 0.00004539 0.99983108
0.00000024 0.00000000 0.00000000 0.00001013 0.00005829 0.99993134
0.00001013 0.00026116 0.99963081 0.00009608 0.00000176 0.00000004
0.00070966 0.00000000 0.00000000 0.00000000 0.00000788 0.99928242
0.00033527 0.99943680 0.00000788 0.00001669 0.00020335 0.00000001
0.00063706 0.89704275 0.09454760 0.00776094 0.00001167 0.00000001
0.00000165 0.05985628 0.00000575 0.93630975 0.00382648 0.00000000
0.00002754 0.00000050 0.99996877 0.00000083 0.00000226 0.00000014
0.00001013 0.00000000 0.00000000 0.00000000 0.00000290 0.99998701
0.00039934 0.01322448 0.92710781 0.05926802 0.00000028 0.00000000
0.00000031 0.00070936 0.99886000 0.00043025 0.00000009 0.00000003
0.00002754 0.00000031 0.99996960 0.00000024 0.00000226 0.00000003
0.00000474 0.99087381 0.00000064 0.00857274 0.00054804 0.00000000
0.00000153 0.32062218 0.00000010 0.67875719 0.00061895 0.00000000
0.00004540 0.00000176 0.99994671 0.00000614 0.00000003 0.00000000
0.00020342 0.00002144 0.99974650 0.00002753 0.00000107 0.00000002
0.00004540 0.00000290 0.99993503 0.00001670 0.00000007 0.00000000
0.00006925 0.43701127 0.00000001 0.56113356 0.00178597 0.00000000
0.00001629 0.21758917 0.00000002 0.75946087 0.02293373 0.00000000
0.02916235 0.00506766 0.00000049 0.00004384 0.96572435 0.00000132
0.00000212 0.06008501 0.00001570 0.93988764 0.00000952 0.00000000
0.00000001 0.00000003 0.00000024 0.00000000 0.00000011 0.99999964
0.00000014 0.00000001 0.00000009 0.00000000 0.00000137 0.99999845
0.99862266 0.00000024 0.00000290 0.00000176 0.00116927 0.00020319
0.00000005 0.00000002 0.00000050 0.00000000 0.00000065 0.99999881
0.00056934 0.80169439 0.00000003 0.17888220 0.01885405 0.00000000
0.00054685 0.00404071 0.00002120 0.98872924 0.00666200 0.00000005
0.99969697 0.00020341 0.00000137 0.00000107 0.00009608 0.00000107
0.00000964 0.95206332 0.00000001 0.04740044 0.00052657 0.00000000
0.00004540 0.00000019 0.00000031 0.00000000 0.00000176 0.99995232
0.00000043 0.14800474 0.00000055 0.85170847 0.00028572 0.00000000
0.00070967 0.00000001 0.00000000 0.00000000 0.00000226 0.99928814
0.00000567 0.92335844 0.00000000 0.07579388 0.00084199 0.00000000
0.00000606 0.98628545 0.00000001 0.00517555 0.00853304 0.00000000
0.00000002 0.00000039 0.00000083 0.00000000 0.00000789 0.99999094
0.00000228 0.10650673 0.00000004 0.78698421 0.10650673 0.00000000
0.00002262 0.82139039 0.00000002 0.11116310 0.06742384 0.00000000
0.00407013 0.00000009 0.00000137 0.00000004 0.00000064 0.99592775
0.00000262 0.70331210 0.00000005 0.09518294 0.20150228 0.00000000
0.00000282 0.97063005 0.00000000 0.00654005 0.02282703 0.00000000
0.00000175 0.00020260 0.99572599 0.00406930 0.00000039 0.00000000
0.00000176 0.22260404 0.00000005 0.77696449 0.00042973 0.00000000
0.00192659 0.00000002 0.00000001 0.00000003 0.00007470 0.99799865
0.00003258 0.00293262 0.92140043 0.07563316 0.00000126 0.00000000
0.00033388 0.99527740 0.00000030 0.00192134 0.00246705 0.00000001
0.00000024 0.00000003 0.00000003 0.00000000 0.00000007 0.99999964
0.00000176 0.00000007 0.00000031 0.00000001 0.00000031 0.99999750
0.00150118 0.00000014 0.99849832 0.00000031 0.00000002 0.00000003
0.00012278 0.99490404 0.00000000 0.00090724 0.00406595 0.00000000
0.00007485 0.00000373 0.99992025 0.00000107 0.00000019 0.00000001
0.00000007 0.00000002 0.00000039 0.00000000 0.00000011 0.99999940
0.00012337 0.00020340 0.99966931 0.00000373 0.00000019 0.00000000
0.00014866 0.26878569 0.00031472 0.73063517 0.00011578 0.00000000
0.00407014 0.00000005 0.00000003 0.00000003 0.00000024 0.99592954
0.00000614 0.00012333 0.99931407 0.00055270 0.00000005 0.00000372
0.00111365 0.00040969 0.95112258 0.04735360 0.00000048 0.00000000
0.00004170 0.03561819 0.00000013 0.91860527 0.04573466 0.00000000
0.00033535 0.00000039 0.99965024 0.00000107 0.00001300 0.00000003
0.01798612 0.00000018 0.00000366 0.00000001 0.00000135 0.98200870
0.00026119 0.00000003 0.00000001 0.00000000 0.00000226 0.99973649
0.00003516 0.00406390 0.99440420 0.00149503 0.00000175 0.00000000
0.00000097 0.09534203 0.00006771 0.90458006 0.00000916 0.00000000
0.00000590 0.96037579 0.00000000 0.00238053 0.03723781 0.00000000
0.00000611 0.99387228 0.00000003 0.00090629 0.00521536 0.00000000
0.00002144 0.00000478 0.99997234 0.00000137 0.00000001 0.00000002
0.00026119 0.00000014 0.00000002 0.00000001 0.00000290 0.99973577
0.00000031 0.00000789 0.99996400 0.00002754 0.00000002 0.00000019
0.00001296 0.00042919 0.99638629 0.00317128 0.00000005 0.00000018
0.00015844 0.00000065 0.99983931 0.00000107 0.00000005 0.00000039
0.00020343 0.00000614 0.99978739 0.00000290 0.00000003 0.00000009
0.00000855 0.08899657 0.00000003 0.39885497 0.51213992 0.00000000
0.00000269 0.92803001 0.00000001 0.03598363 0.03598363 0.00000000
0.00002714 0.00000009 0.00000000 0.00025751 0.01405962 0.98565555
0.97688735 0.00512623 0.00000009 0.00009389 0.01789231 0.00000007
0.00001453 0.86985546 0.00000000 0.01240782 0.11772213 0.00000000
0.00003521 0.99573767 0.00000000 0.00015779 0.00406935 0.00000000
0.00000077 0.43510580 0.00000008 0.55868691 0.00620645 0.00000000
0.00002144 0.00003535 0.99991512 0.00002753 0.00000050 0.00000002
0.00026097 0.99890637 0.00000002 0.00070940 0.00012327 0.00000000
0.00001013 0.00002753 0.99994087 0.00002144 0.00000000 0.00000003
0.00000004 0.00000001 0.00000007 0.00000000 0.00000001 0.99999988
0.00043056 0.00000001 0.00000000 0.00000019 0.00000083 0.99956840
0.00000972 0.95983702 0.00000000 0.02257320 0.01758003 0.00000000
0.00000001 0.00000001 0.00000024 0.00000000 0.00000003 0.99999976
0.00002754 0.00000000 0.00000001 0.00000000 0.00000024 0.99997222
0.00000169 0.03725750 0.00000217 0.96088362 0.00185494 0.00000000
0.00007485 0.00000001 0.00000002 0.00000000 0.00000065 0.99992454
0.00070830 0.99736267 0.00000000 0.00042961 0.00149947 0.00000000
0.00009610 0.00002753 0.99986339 0.00001301 0.00000002 0.00000001
0.37743881 0.00000066 0.00000052 0.00000052 0.00026805 0.62229145
0.00000022 0.43764871 0.00000002 0.56195205 0.00039908 0.00000000
0.00001670 0.00000005 0.00000039 0.00000004 0.00001670 0.99996614
0.81738681 0.18238364 0.00000015 0.00006118 0.00016631 0.00000185
0.00055245 0.00055245 0.99884915 0.00004535 0.00000050 0.00000005
0.00005829 0.00003535 0.99986100 0.00004539 0.00000004 0.00000000
0.00007481 0.99938655 0.00000000 0.00020334 0.00033526 0.00000000
0.00000039 0.00000000 0.00000005 0.00000000 0.00000002 0.99999952
0.00055277 0.00000009 0.00000014 0.00000001 0.00001012 0.99943680
0.00000174 0.98830217 0.00000002 0.00855049 0.00314555 0.00000000
0.00857710 0.00000003 0.00000011 0.00000002 0.00004501 0.99137783
0.00000212 0.26831654 0.00000003 0.72935987 0.00232139 0.00000000
0.00004540 0.00000000 0.00000000 0.00000000 0.00000014 0.99995446
0.00000677 0.85797101 0.00000001 0.11611375 0.02590848 0.00000000
0.00000245 0.65696234 0.00000002 0.03270823 0.31032702 0.00000000
0.00000065 0.00000002 0.00002144 0.00000002 0.00000065 0.99997723
0.00000083 0.00002144 0.99994230 0.00003536 0.00000002 0.00000009
0.00005741 0.98478705 0.00000000 0.00663544 0.00852008 0.00000000
0.00002661 0.07933301 0.75269067 0.16794798 0.00000170 0.00000000
0.99975032 0.00015842 0.00000050 0.00000290 0.00007483 0.00001300
0.00317265 0.00000007 0.00000003 0.00000004 0.00001010 0.99681717
0.00000009 0.00000003 0.00000226 0.00000000 0.00000226 0.99999535
0.00000001 0.00000001 0.00000024 0.00000000 0.00000007 0.99999964
0.00015842 0.00001670 0.99976665 0.00005828 0.00000002 0.00000000
0.00015842 0.00000000 0.00000000 0.00000005 0.00012338 0.99971813
0.00036415 0.00731416 0.84540194 0.14690883 0.00001100 0.00000000
0.00001301 0.00000024 0.99998546 0.00000014 0.00000031 0.00000083
0.00000137 0.00000614 0.99998939 0.00000226 0.00000083 0.00000002
0.00000073 0.11919235 0.00000328 0.88071901 0.00008465 0.00000000
0.00005371 0.92138207 0.00000001 0.07563166 0.00293256 0.00000000
0.00003497 0.98895758 0.00000001 0.00245138 0.00855616 0.00000001
0.00000373 0.00000014 0.00000002 0.00000005 0.00007485 0.99992132
0.00019564 0.01761089 0.01761089 0.96152216 0.00306031 0.00000004
0.00002712 0.01404891 0.00089812 0.98490429 0.00012155 0.00000000
0.00004370 0.96261895 0.00000001 0.03732479 0.00001252 0.00000000
0.00000290 0.00003535 0.99980277 0.00015843 0.00000039 0.00000014
0.00000130 0.95032895 0.00000000 0.04731409 0.00235563 0.00000000
0.00003510 0.99284744 0.00000005 0.00668975 0.00042766 0.00000000
0.00000001 0.00000024 0.00000050 0.00000000 0.00000001 0.99999928
0.00629554 0.20847969 0.44135150 0.34372491 0.00014806 0.00000037
0.00007466 0.99747425 0.00192558 0.00009587 0.00042965 0.00000002
0.00000107 0.00000011 0.00000014 0.00000000 0.00000137 0.99999726
0.00004540 0.00000002 0.00000176 0.00000001 0.00000226 0.99995053
0.00008693 0.90449315 0.00000002 0.09533287 0.00008693 0.00000000
0.00000083 0.22179526 0.00000001 0.77414161 0.00406232 0.00000000
0.00002042 0.95241094 0.00000000 0.04741775 0.00015092 0.00000000
0.00001291 0.99277002 0.00000001 0.00315977 0.00405722 0.00000000
0.00008461 0.11914406 0.00023000 0.88036215 0.00017913 0.00000001
0.00001928 0.09476994 0.00000010 0.89915222 0.00605844 0.00000000
0.00000003 0.00000176 0.00002144 0.00000003 0.00002754 0.99994922
0.00000014 0.00000001 0.00000083 0.00000000 0.00000001 0.99999905
0.00000064 0.98659384 0.00000000 0.00244552 0.01096007 0.00000000
0.00000008 0.09533881 0.00000003 0.90454948 0.00011163 0.00000000
0.00005829 0.00000373 0.99993742 0.00000019 0.00000031 0.00000005
0.00003501 0.00315140 0.99014157 0.00667152 0.00000050 0.00000000
0.00192240 0.99582797 0.00070721 0.00149717 0.00004521 0.00000000
0.00150118 0.00000226 0.99849451 0.00000176 0.00000011 0.00000019
0.00000053 0.81478763 0.00007831 0.18180369 0.00332985 0.00000000
0.00000022 0.72351354 0.00000001 0.26616579 0.01032037 0.00000000
0.00000276 0.21215719 0.00000001 0.74050140 0.04733867 0.00000000
0.00000247 0.14804465 0.00000055 0.85193807 0.00001423 0.00000000
0.00000050 0.00000083 0.99999583 0.00000107 0.00000176 0.00000002
0.00000004 0.00000009 0.00001301 0.00000000 0.00000050 0.99998629
0.00015820 0.00055218 0.99836260 0.00091039 0.00001667 0.00000003
0.00000215 0.95151085 0.00000000 0.04737293 0.00111410 0.00000000
0.00000044 0.32081366 0.00000883 0.67916250 0.00001456 0.00000000
0.00000137 0.00002754 0.99995792 0.00001301 0.00000024 0.00000002
0.00009610 0.00000001 0.00000000 0.00000000 0.00000019 0.99990368
0.00116812 0.99764210 0.00000024 0.00116812 0.00002139 0.00000001
0.00001202 0.07585545 0.00001202 0.92410851 0.00001202 0.00000000
0.00000039 0.22257710 0.00000039 0.77687043 0.00055171 0.00000000
0.00009484 0.59853703 0.03826319 0.36303103 0.00007387 0.00000000
0.00043056 0.00000001 0.00000004 0.00000001 0.00000024 0.99956912
0.99985576 0.00009610 0.00000039 0.00000176 0.00004539 0.00000065
0.00091104 0.00000001 0.00000000 0.00000001 0.00001012 0.99907887
0.00012328 0.99896395 0.00000000 0.00020326 0.00070944 0.00000000
0.00000176 0.00000005 0.00000039 0.00000000 0.00000107 0.99999678
0.00000077 0.43734840 0.00000001 0.12530240 0.43734840 0.00000000
0.00003536 0.00000007 0.00000002 0.00000001 0.00000050 0.99996400
0.00003535 0.00004540 0.99991310 0.00000478 0.00000137 0.00000002
0.00149403 0.99373901 0.00000011 0.00406118 0.00070573 0.00000001
0.00002010 0.56853497 0.00000005 0.26855689 0.16288799 0.00000000
0.00000065 0.00000001 0.00000226 0.00000000 0.00000007 0.99999702
0.00001301 0.00000003 0.00000031 0.00000004 0.00000107 0.99998558
0.00000050 0.00000024 0.00001013 0.00000001 0.00000031 0.99998879
0.00000014 0.00009610 0.99989581 0.00000789 0.00000014 0.00000000
0.00004540 0.00000373 0.99991524 0.00003535 0.00000031 0.00000003
0.00008386 0.87251729 0.00000004 0.05577816 0.07162058 0.00000000
0.00000226 0.00000003 0.00000001 0.00000001 0.00000019 0.99999750
0.00000004 0.00000001 0.00000011 0.00000000 0.00000002 0.99999988
0.00026119 0.00000014 0.00000019 0.00000007 0.00000065 0.99973768
0.00000024 0.00000002 0.00000176 0.00000000 0.00000007 0.99999797
0.00000004 0.00000065 0.00012339 0.00000000 0.00000031 0.99987566
0.00000305 0.18241994 0.00000502 0.81754947 0.00002251 0.00000000
0.00000002 0.00000001 0.00003536 0.00000000 0.00000007 0.99996459
0.04740637 0.00000029 0.00000029 0.00000048 0.00041015 0.95218241
0.00070967 0.00000011 0.00000009 0.00000176 0.00000083 0.99928755
0.00000137 0.00000003 0.00000002 0.00000000 0.00000083 0.99999774
0.00019858 0.02295236 0.00088996 0.97595912 0.00000001 0.00000000
0.00000039 0.22199473 0.00000050 0.77483779 0.00316658 0.00000000
0.00009598 0.00116927 0.99862766 0.00001012 0.00009598 0.00000107
0.00005827 0.00007482 0.99958915 0.00026115 0.00001669 0.00000000
0.00004539 0.00012338 0.99973458 0.00009609 0.00000050 0.00000000
0.00247261 0.00000014 0.00000031 0.00000001 0.00000477 0.99752218
0.00020343 0.00000000 0.00000000 0.00000005 0.00000373 0.99979287
0.00020341 0.00004539 0.99973398 0.00001670 0.00000050 0.00000001
0.00005761 0.98826200 0.00000001 0.00070184 0.01097860 0.00000000
0.01406339 0.00000002 0.00000001 0.00000030 0.00001647 0.98591983
0.00004540 0.00000789 0.99994314 0.00000176 0.00000050 0.00000137
0.00000000 0.00000003 0.00000024 0.00000000 0.00000014 0.99999964
0.00000591 0.96259809 0.00000000 0.02906794 0.00832810 0.00000000
0.00001293 0.99442804 0.00000003 0.00406400 0.00149506 0.00000001
0.00070656 0.00246613 0.99490619 0.00192062 0.00000039 0.00000005
0.00000011 0.00000000 0.00000001 0.00000000 0.00000007 0.99999976
0.00000001 0.00000001 0.00000014 0.00000000 0.00000001 0.99999988
0.00000307 0.49950945 0.00096428 0.49950945 0.00001375 0.00000000
0.00000789 0.00004540 0.99990761 0.00003535 0.00000373 0.00000001
0.00008823 0.26300526 0.00039541 0.71492231 0.02158878 0.00000001
0.31837407 0.00748744 0.00000013 0.00013714 0.67399794 0.00000323
0.00000009 0.00000001 0.00000024 0.00000000 0.00000014 0.99999952
0.00000050 0.00192148 0.99535048 0.00026004 0.00246723 0.00000018
0.00000017 0.00105812 0.90369302 0.09524854 0.00000010 0.00000000
0.00208761 0.00935603 0.84220302 0.14635295 0.00000033 0.00000000
0.00001177 0.09534677 0.00000124 0.90462506 0.00001511 0.00000000
0.00000471 0.98502707 0.00000001 0.00402558 0.01094266 0.00000000
0.00012339 0.00000005 0.00000614 0.00000002 0.00000024 0.99987018
0.00001008 0.60373676 0.36618483 0.03005828 0.00001008 0.00000002
0.00000004 0.00000009 0.00000001 0.00000001 0.00000137 0.99999845
0.00001280 0.76637918 0.00000000 0.21957129 0.01403672 0.00000000
0.99986589 0.00003535 0.00000050 0.00000107 0.00009610 0.00000107
0.00407013 0.00000018 0.00000007 0.00000001 0.00000289 0.99592674
0.00000003 0.00000001 0.00000065 0.00000000 0.00000107 0.99999821
0.00116950 0.00001012 0.99881965 0.00000065 0.00000001 0.00000005
0.00007677 0.62205827 0.00000031 0.37729737 0.00056724 0.00000000
0.00000120 0.87413478 0.00000000 0.11830128 0.00756275 0.00000000
0.00000005 0.00000005 0.00000011 0.00000000 0.00000003 0.99999976
0.00001670 0.00000019 0.00000176 0.00000000 0.00000065 0.99998069
0.00003535 0.00007483 0.99973136 0.00015842 0.00000003 0.00000000
0.00000226 0.00000031 0.00004540 0.00000009 0.00001013 0.99994171
0.00001298 0.99815136 0.00000014 0.00033484 0.00150066 0.00000000
0.00140819 0.26835272 0.00066518 0.72945827 0.00011559 0.00000001
0.00001670 0.00001013 0.99996340 0.00000176 0.00000011 0.00000789
0.06008523 0.00000273 0.00000029 0.00000047 0.00002016 0.93989122
0.00000005 0.00000031 0.00000479 0.00000000 0.00000031 0.99999452
0.00000100 0.93910754 0.00000000 0.06003514 0.00085636 0.00000000
0.00000479 0.00000001 0.00000001 0.00000000 0.00000019 0.99999499
0.00003485 0.00020056 0.98568350 0.01406002 0.00002114 0.00000003
0.62148792 0.00154051 0.00001333 0.00000297 0.37695146 0.00000382
0.00091105 0.00000009 0.00000000 0.00000003 0.00000137 0.99908745
0.00115665 0.98784816 0.00000000 0.00244863 0.00854656 0.00000001
0.00000167 0.94783467 0.00000001 0.04718991 0.00497378 0.00000000
0.32070050 0.00000034 0.00000044 0.00000027 0.00037550 0.67892295
0.00000789 0.00000789 0.99998057 0.00000290 0.00000065 0.00000001
0.00000073 0.11920039 0.00000892 0.88077843 0.00001146 0.00000000
0.00000304 0.00259540 0.81545007 0.18195149 0.00000006 0.00000000
0.00000038 0.97063249 0.00000000 0.00654007 0.02282709 0.00000000
0.00000007 0.00000290 0.99999404 0.00000290 0.00000001 0.00000000
0.93988645 0.00002588 0.00000005 0.00000212 0.06008493 0.00000061
0.00317257 0.00000014 0.00000002 0.00000009 0.00003524 0.99679190
0.00005829 0.00000290 0.99992836 0.00001013 0.00000019 0.00000009
0.00000005 0.00000001 0.00000005 0.00000000 0.00000009 0.99999976
0.00020341 0.00001670 0.99973446 0.00004539 0.00000003 0.00000001
0.00026050 0.00192486 0.00000477 0.00070812 0.99710160 0.00000009
0.20544015 0.00138424 0.07557721 0.00003255 0.71705663 0.00050924
0.00000003 0.00000000 0.00000000 0.00000000 0.00000002 1.00000000
0.00006930 0.43731847 0.00000002 0.12529384 0.43731847 0.00000001
0.00000001 0.00000004 0.00000789 0.00000000 0.00000050 0.99999154
0.00001870 0.32077074 0.00000073 0.67907166 0.00013817 0.00000000
0.01090828 0.98193181 0.00000064 0.00661620 0.00054309 0.00000001
0.00000789 0.00000000 0.00000000 0.00000000 0.00000065 0.99999142
0.00000107 0.00000003 0.00000000 0.00015842 0.00007483 0.99976569
0.00000005 0.00085525 0.73043323 0.26871139 0.00000000 0.00000001
0.00000052 0.80794859 0.00000001 0.14040041 0.05165042 0.00000000
0.00002092 0.97553831 0.00000001 0.01786761 0.00657312 0.00000000
0.99928027 0.00000788 0.00000039 0.00000083 0.00070966 0.00000107
0.00000607 0.98741585 0.00000000 0.00403534 0.00854282 0.00000000
0.92411423 0.00001543 0.00000936 0.00000442 0.07585592 0.00000060
0.00669277 0.00000064 0.00000050 0.00000030 0.00001006 0.99329573
0.00000096 0.03469189 0.54267240 0.42263368 0.00000045 0.00000058
0.00000373 0.00000000 0.00000005 0.00000000 0.00000004 0.99999619
0.00000004 0.00000002 0.00000789 0.00000001 0.00000031 0.99999177
0.00000789 0.00000031 0.99999082 0.00000065 0.00000003 0.00000031
0.00192673 0.00000002 0.00000011 0.00000011 0.00000019 0.99807286
0.00150048 0.00020307 0.99803191 0.00026074 0.00000372 0.00000007
0.00000014 0.00000001 0.00000014 0.00000000 0.00000019 0.99999952
0.00000014 0.00000001 0.00000004 0.00000000 0.00000039 0.99999940
0.00005829 0.00000002 0.00000083 0.00000001 0.00000039 0.99994051
0.00000000 0.00000000 0.00000001 0.00000000 0.00000039 0.99999964
0.00015842 0.00002144 0.99974519 0.00007483 0.00000003 0.00000001
0.00070964 0.00004537 0.99924111 0.00000372 0.00000024 0.00000001
0.00003536 0.00000031 0.99996400 0.00000031 0.00000004 0.00000003
0.00000031 0.17524227 0.37098792 0.08277859 0.37098792 0.00000293
0.01073012 0.35533288 0.00000280 0.58584493 0.04808908 0.00000014
0.00000125 0.90875882 0.00000001 0.07459547 0.01664450 0.00000000
0.00000242 0.64865261 0.00000001 0.23862599 0.11271892 0.00000000
0.00002754 0.00000031 0.99996793 0.00000083 0.00000290 0.00000050
0.00001013 0.00012339 0.99984491 0.00002144 0.00000007 0.00000000
0.99987745 0.00007484 0.00000137 0.00000065 0.00004539 0.00000024
0.00004539 0.00026118 0.99968553 0.00000789 0.00000002 0.00000001
0.00043005 0.00000000 0.00000000 0.00000014 0.00116901 0.99840087
0.00000176 0.00000000 0.00000001 0.00000000 0.00000176 0.99999642
0.00000990 0.97758776 0.00000000 0.00845779 0.01394454 0.00000000
0.00015844 0.00000005 0.00000004 0.00000001 0.00000290 0.99983859
0.00091105 0.00000000 0.00000001 0.00000003 0.00000107 0.99908793
0.00000000 0.00000014 0.00000031 0.00000000 0.00000001 0.99999952
0.00004540 0.00000614 0.99989831 0.00004540 0.00000478 0.00000000
0.00000003 0.00000007 0.00000039 0.00000001 0.00000031 0.99999917
0.00000290 0.00000479 0.99999130 0.00000065 0.00000003 0.00000024
0.00015843 0.00000003 0.00000003 0.00000001 0.00001013 0.99983144
0.00017555 0.86277068 0.00000005 0.11676332 0.02029042 0.00000000
0.00000479 0.00000789 0.99998641 0.00000083 0.00000002 0.00000011
0.00000083 0.00000001 0.00000001 0.00000000 0.00000137 0.99999774
0.00046888 0.00444865 0.84776324 0.14731917 0.00000005 0.00000000
0.00000212 0.93980235 0.00000000 0.01340556 0.04679000 0.00000000
0.00001301 0.00000479 0.99998045 0.00000176 0.00000002 0.00000002
0.00000005 0.00000083 0.00000290 0.00000001 0.00000065 0.99999559
0.00000004 0.00000176 0.00070967 0.00000004 0.00000226 0.99928623
0.00000024 0.00000000 0.00000000 0.00000789 0.00001670 0.99997520
0.00000197 0.32056570 0.00000001 0.67863762 0.00079460 0.00000000
0.99804318 0.00001667 0.00000083 0.00000787 0.00192668 0.00000478
0.00000887 0.87559277 0.00000003 0.11849859 0.00589970 0.00000000
0.00001301 0.00000002 0.00000002 0.00000000 0.00005829 0.99992871
0.00000000 0.00000000 0.00000000 0.00000000 0.00000000 1.00000000
0.00000000 0.00000000 0.00000007 0.00000000 0.00000000 0.99999988
0.00055278 0.00000176 0.99944264 0.00000176 0.00000003 0.00000107
0.56208175 0.00000569 0.00001548 0.00000047 0.00014685 0.43774971
0.00000037 0.04742386 0.00001591 0.95253372 0.00002623 0.00000000
0.00000159 0.09528805 0.00000046 0.90406787 0.00064205 0.00000000
0.00192672 0.00000014 0.00000009 0.00000137 0.00000478 0.99806684
0.00005379 0.71866333 0.00000004 0.01690134 0.26438150 0.00000000
0.00012339 0.00000002 0.00000226 0.00000009 0.00000478 0.99986947
0.00000039 0.00000007 0.00003536 0.00000000 0.00000083 0.99996328
0.99659497 0.00317194 0.00000011 0.00015792 0.00007460 0.00000039
0.00000173 0.98503000 0.00000001 0.00402559 0.01094269 0.00000000
0.01391121 0.01083406 0.00000014 0.00000104 0.97525138 0.00000220
0.99905235 0.00003532 0.00000024 0.00000083 0.00091102 0.00000024
0.00000113 0.49994659 0.00000394 0.49994659 0.00010172 0.00000000
0.00000007 0.00000003 0.00000137 0.00000000 0.00000107 0.99999750
0.00000107 0.00000002 0.00000000 0.00002753 0.00015843 0.99981302
0.00000001 0.00000002 0.00000479 0.00000000 0.00000000 0.99999523
0.00007265 0.97056234 0.00000000 0.00653960 0.02282544 0.00000000
0.00000039 0.00000007 0.00002754 0.00000000 0.00000024 0.99997175
0.00020339 0.00000003 0.00000001 0.00000001 0.00020339 0.99959320
0.00033535 0.00000003 0.00000000 0.00000002 0.00000065 0.99966395
0.00000003 0.00000002 0.00001670 0.00000000 0.00000024 0.99998307
0.00000066 0.37328446 0.00000051 0.61544210 0.01127221 0.00000000
0.00020298 0.00149981 0.99758875 0.00070846 0.00000002 0.00000001
0.00053655 0.97011203 0.00000000 0.02281485 0.00653656 0.00000000
0.00000449 0.20934211 0.00000005 0.73067582 0.05997753 0.00000000
0.00029920 0.89190573 0.00000001 0.03458294 0.07321209 0.00000001
0.00020343 0.00000000 0.00000000 0.00000000 0.00000039 0.99979621
0.00000323 0.31892997 0.00005054 0.67517477 0.00584141 0.00000002
0.00000002 0.00000004 0.00004540 0.00000000 0.00000031 0.99995422
0.00000002 0.00000002 0.00001013 0.00000000 0.00000024 0.99998963
0.00005829 0.00000011 0.00000005 0.00000000 0.00000176 0.99993980
0.00000011 0.00000004 0.00001301 0.00000001 0.00000001 0.99998689
0.00006991 0.93393296 0.00000001 0.05970433 0.00629279 0.00000000
0.00000134 0.35986695 0.00000005 0.35986695 0.28026468 0.00000000
0.00033535 0.00000007 0.00000004 0.00000000 0.00000019 0.99966431
0.00091098 0.00000001 0.00000002 0.00000003 0.00007478 0.99901426
0.00000009 0.00000005 0.00000065 0.00000000 0.00000011 0.99999917
0.99751556 0.00000787 0.00000290 0.00000083 0.00247259 0.00000031
0.00000046 0.09534778 0.00001511 0.90463459 0.00000204 0.00000000
0.00857718 0.00000050 0.00000014 0.00000005 0.00003505 0.99138719
0.00000475 0.17265968 0.00406057 0.77380705 0.04946783 0.00000005
0.00000001 0.00000009 0.00000019 0.00000000 0.00000065 0.99999905
0.00000002 0.00000001 0.00000226 0.00000000 0.00000005 0.99999762
0.00000011 0.00000002 0.00000083 0.00000001 0.00000083 0.99999821
0.00000011 0.00004538 0.00004538 0.00000083 0.00033532 0.99957293
0.00005829 0.00005829 0.99985576 0.00002753 0.00000001 0.00000011
0.00070967 0.00000001 0.00000001 0.00000002 0.00000176 0.99928856
0.00043056 0.00000009 0.00000002 0.00000004 0.00000373 0.99956554
0.00009610 0.00000001 0.00000000 0.00000065 0.00002144 0.99988186
0.00000094 0.11918981 0.00000035 0.88070023 0.00010869 0.00000000
0.00070740 0.99608707 0.00000003 0.00317033 0.00003522 0.00000002
0.00000478 0.00000137 0.00007485 0.00000004 0.00000137 0.99991751
0.00000039 0.00000001 0.00000000 0.00000000 0.00000003 0.99999952
0.00000107 0.00000000 0.00000002 0.00000000 0.00000002 0.99999893
0.00317186 0.00000039 0.00000007 0.00000007 0.00026036 0.99656725
0.00009610 0.00002753 0.99985945 0.00001670 0.00000019 0.00000004
0.00043055 0.00000614 0.99955648 0.00000614 0.00000002 0.00000065
0.00001670 0.00001013 0.99997222 0.00000083 0.00000002 0.00000007
0.00522009 0.00000014 0.00000002 0.00000014 0.00000611 0.99477357
0.00000759 0.03732456 0.00002064 0.96261311 0.00003404 0.00000000
0.00000226 0.00020342 0.99975902 0.00003535 0.00000005 0.00000000
0.00000083 0.00000003 0.00001301 0.00000000 0.00000003 0.99998617
0.00000038 0.02297652 0.00000221 0.97698635 0.00003454 0.00000000
0.99727124 0.00247199 0.00000003 0.00009585 0.00015803 0.00000289
0.00147992 0.98435748 0.00000001 0.00012148 0.01404110 0.00000001
0.00000011 0.00000001 0.00000083 0.00000000 0.00000014 0.99999893
0.00091101 0.00000019 0.00000226 0.00000019 0.00004536 0.99904090
0.00002029 0.94597411 0.00000002 0.01732612 0.03667939 0.00000000
0.00317188 0.00015792 0.99657428 0.00007460 0.00002137 0.00000001
0.00000217 0.35389656 0.06149800 0.58347684 0.00112638 0.00000000
0.00000072 0.32049379 0.00000004 0.67848539 0.00102006 0.00000000
0.00247138 0.00007463 0.99702460 0.00042946 0.00000001 0.00000000
0.00000001 0.00000001 0.00000014 0.00000000 0.00000014 0.99999976
0.00192620 0.00007469 0.99779522 0.00020302 0.00000083 0.00000003
0.00001006 0.99346739 0.00000000 0.00406007 0.00246256 0.00000000
0.00317256 0.00002138 0.99678802 0.00001665 0.00000137 0.00000001
0.00000001 0.00000009 0.00000011 0.00000000 0.00000031 0.99999940
0.00000060 0.26538777 0.00000001 0.72139871 0.01321288 0.00000000
0.43744954 0.00084448 0.00000006 0.00000938 0.56169635 0.00000022
0.00009524 0.00042682 0.99090487 0.00857301 0.00000009 0.00000000
0.00000011 0.00000007 0.00000011 0.00000000 0.00000001 0.99999964
0.00055275 0.00000226 0.99939942 0.00003534 0.00001012 0.00000001
0.99856669 0.00026088 0.00000014 0.00000226 0.00116920 0.00000083
0.00000005 0.00000024 0.00000789 0.00000000 0.00000083 0.99999094
0.00012339 0.00004539 0.99980372 0.00002753 0.00000001 0.00000000
0.00001006 0.00054908 0.99275160 0.00668911 0.00000007 0.00000002
0.00000009 0.00000002 0.00000001 0.00000000 0.00000024 0.99999964
0.00000538 0.87559581 0.00000000 0.11849900 0.00589972 0.00000000
0.00000212 0.05997075 0.00011577 0.93810040 0.00181096 0.00000000
0.00000001 0.00000024 0.00000176 0.00000000 0.00000003 0.99999797
0.00005821 0.99861431 0.00000000 0.00116926 0.00015824 0.00000000
0.00000479 0.00000050 0.99999344 0.00000107 0.00000000 0.00000019
0.00192609 0.00000005 0.00000000 0.00000176 0.00033470 0.99773741
0.00000705 0.42231578 0.00000005 0.42231578 0.15536131 0.00000000
0.99994564 0.00000083 0.00002753 0.00000083 0.00002144 0.00000373
0.37707669 0.00120015 0.00000040 0.00002822 0.62169439 0.00000019
0.00015761 0.99462247 0.00000002 0.00521930 0.00000064 0.00000001
0.00247258 0.00000019 0.00000065 0.00000050 0.00001666 0.99750936
0.00002586 0.93908417 0.00000001 0.06003364 0.00085633 0.00000000
0.00015843 0.00001670 0.99982399 0.00000031 0.00000050 0.00000000
0.00000863 0.14802907 0.00000863 0.85184848 0.00010513 0.00000000
0.00001301 0.00001013 0.99994922 0.00002754 0.00000009 0.00000001
0.00000372 0.00043025 0.99884880 0.00070936 0.00000001 0.00000788
0.00011288 0.55477828 0.00000001 0.43206176 0.01304714 0.00000000
0.00000116 0.14764665 0.00000005 0.84964782 0.00270424 0.00000000
0.00010083 0.81701767 0.00000003 0.00058023 0.18230128 0.00000002
0.00000176 0.00000000 0.00000000 0.00000001 0.00000039 0.99999785
0.00000137 0.00001301 0.99998295 0.00000226 0.00000039 0.00000000
0.00000476 0.99549818 0.00000000 0.00406837 0.00042880 0.00000000
0.00000083 0.00000001 0.00000002 0.00000000 0.00000226 0.99999690
0.00004368 0.96211880 0.00000000 0.03730539 0.00053213 0.00000000
0.00000782 0.99085981 0.00000000 0.00667636 0.00245610 0.00000000
0.00024880 0.95232046 0.00000168 0.04741324 0.00001591 0.00000001
0.00000004 0.00000002 0.00001301 0.00000001 0.00000050 0.99998641
0.00000004 0.00000003 0.00000614 0.00000000 0.00000031 0.99999356
0.00000104 0.02296964 0.00032764 0.97669399 0.00000771 0.00000000
0.00000102 0.00183552 0.95082456 0.04733877 0.00000014 0.00000001
0.00000539 0.00358669 0.87763315 0.11877473 0.00000002 0.00000001
0.00000003 0.00000000 0.00000000 0.00000000 0.00000024 0.99999976
0.09507464 0.00000554 0.00000005 0.00000554 0.00287101 0.90204316
0.00000024 0.22236639 0.00000002 0.77613503 0.00149829 0.00000000
0.00000137 0.00000031 0.99998796 0.00000007 0.00000014 0.00001013
0.00015688 0.99002129 0.00000002 0.00667071 0.00315102 0.00000000
0.00522007 0.00000005 0.00000000 0.00000001 0.00001008 0.99476987
0.00011595 0.04677771 0.00014888 0.93955541 0.01340204 0.00000001
0.00070964 0.00003533 0.99924999 0.00000478 0.00000019 0.00000002
0.00000050 0.00001670 0.99971932 0.00026119 0.00000226 0.00000000
0.00001242 0.95470953 0.00000002 0.00825986 0.03701811 0.00000001
0.00147992 0.98435748 0.00000001 0.00012148 0.01404110 0.00000001
0.00000003 0.00000000 0.00000014 0.00000000 0.00000005 0.99999976
0.00000003 0.00000009 0.00000479 0.00000000 0.00000003 0.99999499
0.00000036 0.26538786 0.00000003 0.72139889 0.01321288 0.00000000
0.00857734 0.00000002 0.00000000 0.00000002 0.00001656 0.99140608
0.00247229 0.00001010 0.99739432 0.00012309 0.00000005 0.00000004
0.00095165 0.06671587 0.29899982 0.63298261 0.00035009 0.00000000
0.00000019 0.00000002 0.00000479 0.00000000 0.00000137 0.99999368
0.00026119 0.00000002 0.00000000 0.00000002 0.00000290 0.99973589
0.00325461 0.00034303 0.62021959 0.37618217 0.00000066 0.00000000
0.00001297 0.22252288 0.00007465 0.77668124 0.00070824 0.00000000
0.00000203 0.89905041 0.00000001 0.07379856 0.02714897 0.00000000
0.00088426 0.96971297 0.00000030 0.02928280 0.00011967 0.00000003
0.00001670 0.00000014 0.00000479 0.00000002 0.00000019 0.99997818
0.00015758 0.99446636 0.00000007 0.00521848 0.00015758 0.00000000
0.00002133 0.00521866 0.99450004 0.00025982 0.00000014 0.00000001
0.00000019 0.00000002 0.00000019 0.00000000 0.00000002 0.99999964
0.99680519 0.00001297 0.00000786 0.00000106 0.00317261 0.00000030
0.00000050 0.00005829 0.99992812 0.00001301 0.00000011 0.00000000
0.00001531 0.00793185 0.91679728 0.07525531 0.00000017 0.00000001
0.00001301 0.00000176 0.99998057 0.00000176 0.00000290 0.00000001
0.00070966 0.00000788 0.99927896 0.00000290 0.00000050 0.00000003
0.00000144 0.18231939 0.00000006 0.81709886 0.00058028 0.00000000
0.00226050 0.01300826 0.55312508 0.43077424 0.00083159 0.00000028
0.00521390 0.00001292 0.00000014 0.00001659 0.00116338 0.99359304
0.00192653 0.99796498 0.00000478 0.00000787 0.00009592 0.00000002
0.00000789 0.00000002 0.00000001 0.00000000 0.00000083 0.99999130
0.00192599 0.99768972 0.00012312 0.00005816 0.00020300 0.00000003
0.00035128 0.18196855 0.00057917 0.81552655 0.00157434 0.00000006
0.00000038 0.97590590 0.00000000 0.00114267 0.02295111 0.00000000
0.00000176 0.00000024 0.00000479 0.00000001 0.00000065 0.99999261
0.00000107 0.00000065 0.00000000 0.00055272 0.00009605 0.99934953
0.00116944 0.00003531 0.99877316 0.00002142 0.00000065 0.00000005
0.00000014 0.00000290 0.99998605 0.00000479 0.00000614 0.00000000
0.00000110 0.48451254 0.00000001 0.48451254 0.03097385 0.00000000
0.00000001 0.00004539 0.99969351 0.00026118 0.00000000 0.00000000
0.00000373 0.00000176 0.00009610 0.00000001 0.00000789 0.99989045
0.00000049 0.03732378 0.00005611 0.96259308 0.00002651 0.00000000
0.01098629 0.00000014 0.00000000 0.00000174 0.00005765 0.98895419
0.00000050 0.00000001 0.00000002 0.00000000 0.00000009 0.99999940
0.00000304 0.81545007 0.00000004 0.18195149 0.00259540 0.00000000
0.00000001 0.00000083 0.00000789 0.00000002 0.00000002 0.99999130
0.00011402 0.92390108 0.00000001 0.01692184 0.05906302 0.00000000
0.00001013 0.00002144 0.99992263 0.00004540 0.00000001 0.00000039
0.00000039 0.00000137 0.99999630 0.00000014 0.00000176 0.00000004
0.08793025 0.83425903 0.00006245 0.06848016 0.00926778 0.00000033
0.00000208 0.71526670 0.00000002 0.26313195 0.02159918 0.00000000
0.00055277 0.00000005 0.00000003 0.00000011 0.00000788 0.99943918
0.00000472 0.98741710 0.00000000 0.00403535 0.00854283 0.00000000
0.00000039 0.00000001 0.00000000 0.00000000 0.00000007 0.99999952
0.00000137 0.00000000 0.00000001 0.00000000 0.00000001 0.99999857
0.00001670 0.00004540 0.99992967 0.00000789 0.00000031 0.00000000
0.00033470 0.00192608 0.00000065 0.00000372 0.99773479 0.00000009
0.00000614 0.00007480 0.99936622 0.00055273 0.00000004 0.00000000
0.00000017 0.07584951 0.00000013 0.92403615 0.00011404 0.00000000
0.00000014 0.00000009 0.00001013 0.00000001 0.00000014 0.99998951
0.00000337 0.09534643 0.00000337 0.90462184 0.00002491 0.00000000
0.00005751 0.01095939 0.00054564 0.98653305 0.00190446 0.00000001
0.11918874 0.00000695 0.00000010 0.00000328 0.00010869 0.88069230
0.00026086 0.00009596 0.99846798 0.00116909 0.00000613 0.00000000
0.00004540 0.00001301 0.99993920 0.00000050 0.00000176 0.00000003
0.00090495 0.99239552 0.00000001 0.00001291 0.00668671 0.00000000
0.00000226 0.00000050 0.00070966 0.00000004 0.00001300 0.99927467
0.00000024 0.00001013 0.99998331 0.00000614 0.00000009 0.00000002
0.00010391 0.08874200 0.00008092 0.84196073 0.06911235 0.00000012
0.00000226 0.00000014 0.00026116 0.00000009 0.00009608 0.99964023
0.01406267 0.00004476 0.98586965 0.00001647 0.00000606 0.00000039
0.00009602 0.99907124 0.00000000 0.00070951 0.00012330 0.00000000
0.00000000 0.00000065 0.00000789 0.00000003 0.00000137 0.99999011
0.00000024 0.00000005 0.00000290 0.00000000 0.00000065 0.99999619
0.62241852 0.00003628 0.00002826 0.00000066 0.37751588 0.00000031
0.00000019 0.00000005 0.00000083 0.00000000 0.00000290 0.99999607
0.00462768 0.04390618 0.53488672 0.41657019 0.00000893 0.00000021
0.00000344 0.07584801 0.00004195 0.92401785 0.00008881 0.00000000
0.00001545 0.43703470 0.00000010 0.56116366 0.00178606 0.00000000
0.00000065 0.00000003 0.00000137 0.00000000 0.00000002 0.99999797
0.00001468 0.00217849 0.87886500 0.11894144 0.00000044 0.00000000
0.00007485 0.00000000 0.00000003 0.00000003 0.00001013 0.99991500
0.00000003 0.00000009 0.00001301 0.00000000 0.00000005 0.99998677
0.01796988 0.00089467 0.00000004 0.00001276 0.98112249 0.00000014
0.99936801 0.00033525 0.00000014 0.00003534 0.00026109 0.00000011
0.00000012 0.18114418 0.00000015 0.81183189 0.00702372 0.00000000
0.00000050 0.00000000 0.00000001 0.00000000 0.00000002 0.99999952
0.00000005 0.00000039 0.00001301 0.00000003 0.00000024 0.99998629
0.00116912 0.00000014 0.00033496 0.00000007 0.00000050 0.99849522
0.00000788 0.00055238 0.99873000 0.00070927 0.00000050 0.00000003
0.00000050 0.00000001 0.00000019 0.00000000 0.00000065 0.99999869
0.00033534 0.00002753 0.99962914 0.00000789 0.00000011 0.00000002
0.00004240 0.00629296 0.93395770 0.05970592 0.00000100 0.00000000
0.00055277 0.00000003 0.00000002 0.00000003 0.00001669 0.99943048
0.00002144 0.00000003 0.00000000 0.00000001 0.00000031 0.99997830
0.00000478 0.00055266 0.99923909 0.00020331 0.00000009 0.00000002
0.00005829 0.00001301 0.99992728 0.00000137 0.00000003 0.00000005
0.00001013 0.00002144 0.99995160 0.00001670 0.00000014 0.00000001
0.00000004 0.00000000 0.00000000 0.00000290 0.00004540 0.99995172
0.98900920 0.00000287 0.00000030 0.00000018 0.01098690 0.00000050
0.00000001 0.00000001 0.00000290 0.00000000 0.00000003 0.99999702
0.00008976 0.05970314 0.00000004 0.93391430 0.00629266 0.00000000
0.03732662 0.00000461 0.96266609 0.00000218 0.00000023 0.00000023
0.00011152 0.54809040 0.00369300 0.42685324 0.02125177 0.00000013
0.00006234 0.11271206 0.64861310 0.23861144 0.00000089 0.00000015
0.00003114 0.88071150 0.00000005 0.11919134 0.00006592 0.00000000
0.00000245 0.84571701 0.00000001 0.14696358 0.00731689 0.00000000
0.01098689 0.00000082 0.00000000 0.00000039 0.00000369 0.98900831
0.00001666 0.00026068 0.99779606 0.00192620 0.00000050 0.00000000
0.00016025 0.01442501 0.37202594 0.61336714 0.00002169 0.00000000
0.00000065 0.00000007 0.00007485 0.00000000 0.00000478 0.99991965
0.00000028 0.07579429 0.00000005 0.92336345 0.00084200 0.00000000
0.00002144 0.00000000 0.00000000 0.00000000 0.00000137 0.99997723
0.00004540 0.00000003 0.00000478 0.00000000 0.00000024 0.99994957
0.00000245 0.39885738 0.00000001 0.51214302 0.08899711 0.00000000
0.00522001 0.00000083 0.00000002 0.00000024 0.00002133 0.99475765
0.00247256 0.00000002 0.00000002 0.00000011 0.00002747 0.99749988
0.00000000 0.00000002 0.00000373 0.00000000 0.00000002 0.99999630
0.00000001 0.00000000 0.00000002 0.00000000 0.00000000 1.00000000
0.00000083 0.00002144 0.99996054 0.00001670 0.00000007 0.00000031
0.00001897 0.53665346 0.00133023 0.41794613 0.04405120 0.00000001
0.00000000 0.00000002 0.00000004 0.00000000 0.00000004 0.99999988
0.00033521 0.00000001 0.00000000 0.00000050 0.00043041 0.99923396
0.00000269 0.92593682 0.00000000 0.04609968 0.02796087 0.00000000
0.00000050 0.00000039 0.00000614 0.00000003 0.00000050 0.99999249
0.00003536 0.00000000 0.00000000 0.00000000 0.00000019 0.99996448
0.00000137 0.17336397 0.04966961 0.77696341 0.00000176 0.00000000
0.00000002 0.00000011 0.00000107 0.00000000 0.00000011 0.99999869
0.00001013 0.00002753 0.00033534 0.00000014 0.00000024 0.99962664
0.00001108 0.14801097 0.00001108 0.85174429 0.00022253 0.00000000
0.00000245 0.84379262 0.00000000 0.11419491 0.04200996 0.00000000
0.00020339 0.00000003 0.00000000 0.00000000 0.00020339 0.99959320
0.00000953 0.44420975 0.00000001 0.34595090 0.20982982 0.00000000
0.00000256 0.11919426 0.00000421 0.88073307 0.00006592 0.00000000
0.00000431 0.33149749 0.00000013 0.12195111 0.54654700 0.00000001
0.00016668 0.49686590 0.00058177 0.49686590 0.00551968 0.00000001
0.00012662 0.62231827 0.00000141 0.37745509 0.00009861 0.00000000
0.02296142 0.00000023 0.00000003 0.00000081 0.00069337 0.97634411
0.00000107 0.00000002 0.00000039 0.00000000 0.00000083 0.99999774
0.00193372 0.13556439 0.08222395 0.78011918 0.00015873 0.00000000
0.00150117 0.00000019 0.00000001 0.00000003 0.00000478 0.99849379
0.00001301 0.00000039 0.00000031 0.00000001 0.00000789 0.99997842
0.00000788 0.00020334 0.99935812 0.00043047 0.00000011 0.00000011
0.00000024 0.00000001 0.00000226 0.00000000 0.00000039 0.99999714
0.00000024 0.00116814 0.99766338 0.00116814 0.00000002 0.00000007
0.00070962 0.99922216 0.00000614 0.00001669 0.00004536 0.00000004
0.00091098 0.00005824 0.99900937 0.00002142 0.00000001 0.00000004
0.00000005 0.00000065 0.00000373 0.00000000 0.00000007 0.99999559
0.00004540 0.00000478 0.99994802 0.00000176 0.00000005 0.00000000
0.00000137 0.00000002 0.00000176 0.00000000 0.00000011 0.99999678
0.00149978 0.99756914 0.00000000 0.00002139 0.00090967 0.00000003
0.00000740 0.00141110 0.93858004 0.06000141 0.00000008 0.00000000
0.00000000 0.00000003 0.00000137 0.00000000 0.00000002 0.99999857
0.00018336 0.03494294 0.05761116 0.90119028 0.00607217 0.00000001
0.00035011 0.81281048 0.00000015 0.18136252 0.00547667 0.00000007
0.00005510 0.09961759 0.73607993 0.16424163 0.00000581 0.00000000
0.00020278 0.99660504 0.00001010 0.00317198 0.00001010 0.00000000
0.99948967 0.00043052 0.00000014 0.00000372 0.00007481 0.00000107
0.00055275 0.00002143 0.99939764 0.00002752 0.00000065 0.00000001
0.02085644 0.03438645 0.69067031 0.25408342 0.00000330 0.00000010
0.99358678 0.00521387 0.00000050 0.00003513 0.00116337 0.00000030
0.00000226 0.00000050 0.99999630 0.00000039 0.00000000 0.00000050
0.00007830 0.01162075 0.49412674 0.49412674 0.00004749 0.00000000
0.00516304 0.98390067 0.00000001 0.00000605 0.01093015 0.00000007
0.00000695 0.11919612 0.00001889 0.88074684 0.00003114 0.00000000
0.00002144 0.00002753 0.99987602 0.00007484 0.00000011 0.00000001
0.00000000 0.00000001 0.00000007 0.00000000 0.00000019 0.99999976
0.00000003 0.00000003 0.00000031 0.00000000 0.00000083 0.99999881
0.00000001 0.00000039 0.00000479 0.00000001 0.00000065 0.99999416
0.99837327 0.00116897 0.00000009 0.00002749 0.00043004 0.00000014
0.00012339 0.00000003 0.00000001 0.00000003 0.00000107 0.99987555
0.00002754 0.00000002 0.00000003 0.00000000 0.00000024 0.99997222
0.00000011 0.00000000 0.00000083 0.00000000 0.00000000 0.99999905
0.00196979 0.06523054 0.79467058 0.13809304 0.00003608 0.00000000
0.00000045 0.68967170 0.00000002 0.25371605 0.05661171 0.00000000
0.00001300 0.00020341 0.99970847 0.00007483 0.00000005 0.00000019
0.00000479 0.00000050 0.99999452 0.00000011 0.00000011 0.00000003
0.00000014 0.00000014 0.00000004 0.00000000 0.00001670 0.99998295
0.00000029 0.95373136 0.00000000 0.02880019 0.01746820 0.00000000
0.00005724 0.98190135 0.00000005 0.01798415 0.00005724 0.00000000
0.00000690 0.09211743 0.00000154 0.87398595 0.03388811 0.00000000
0.97888184 0.01792884 0.00000007 0.00007327 0.00311557 0.00000038
0.00000204 0.09524837 0.00000003 0.90369147 0.00105811 0.00000000
0.99967062 0.00026117 0.00000024 0.00000789 0.00005828 0.00000176
0.00002081 0.97014666 0.00000001 0.00053657 0.02929589 0.00000000
0.00025648 0.98172784 0.00000001 0.01798097 0.00003471 0.00000000
0.00000063 0.02297567 0.00000030 0.97695029 0.00007313 0.00000000
0.00000024 0.00033496 0.99849463 0.00116912 0.00000001 0.00000107
0.00000003 0.00000002 0.00000290 0.00000000 0.00000031 0.99999678
0.00000522 0.14773442 0.00000010 0.85015285 0.00210732 0.00000000
0.00000011 0.26880184 0.00000001 0.73067909 0.00051891 0.00000000
0.00006363 0.85010332 0.00000002 0.14772581 0.00210720 0.00000000
0.00000039 0.00246123 0.99293113 0.00054917 0.00405788 0.00000018
0.00000105 0.98285115 0.00000000 0.01401962 0.00312820 0.00000000
0.00004153 0.01016084 0.91465008 0.07507906 0.00006846 0.00000000
0.00090094 0.98800141 0.00000002 0.00012193 0.01097570 0.00000000
0.02931117 0.00000063 0.00000104 0.00000023 0.00003432 0.97065264
0.00023622 0.90416247 0.00000001 0.00030331 0.09529801 0.00000000
0.00055278 0.00000019 0.00000002 0.00000002 0.00000050 0.99944645
0.00315594 0.99156648 0.00000001 0.00007422 0.00520326 0.00000002
0.00000741 0.06008405 0.00001570 0.93987268 0.00002016 0.00000000
0.31014064 0.65656775 0.00000403 0.03268858 0.00059871 0.00000026
0.00000091 0.05467059 0.00000002 0.85519189 0.09013655 0.00000000
0.00022749 0.67813468 0.00000056 0.32032815 0.00130911 0.00000000
0.00000009 0.00000005 0.00012339 0.00000000 0.00000226 0.99987423
0.00000614 0.00000176 0.99998844 0.00000137 0.00000226 0.00000000
0.00001013 0.00000031 0.99998879 0.00000007 0.00000000 0.00000065
0.00007485 0.00000009 0.00000290 0.00000000 0.00000137 0.99992073
0.00003536 0.00000226 0.99996126 0.00000107 0.00000003 0.00000007
0.00009610 0.00000001 0.00000009 0.00000005 0.00001013 0.99989367
0.00070956 0.00015832 0.99912828 0.00000372 0.00000009 0.00000007
0.00000003 0.00000002 0.00000039 0.00000000 0.00000003 0.99999952
0.00005053 0.86676949 0.00000008 0.11730450 0.01587544 0.00000000
0.00007203 0.96229243 0.00000062 0.03731213 0.00032281 0.00000000
0.00009514 0.00148818 0.98985147 0.00856389 0.00000136 0.00000000
0.00000373 0.00000137 0.99998891 0.00000373 0.00000226 0.00000001
0.00000569 0.34068730 0.00000002 0.09760855 0.56169844 0.00000000
0.00001298 0.99805850 0.00000004 0.00192671 0.00000176 0.00000000
0.00000226 0.00020342 0.99977797 0.00000614 0.00001013 0.00000003
0.00033464 0.99753666 0.00000001 0.00020297 0.00192570 0.00000001
0.00015819 0.00003530 0.99830520 0.00150089 0.00000007 0.00000031
0.00000223 0.00148010 0.98447317 0.01404275 0.00000173 0.00000000
0.00026118 0.00000031 0.99971670 0.00000024 0.00002144 0.00000011
0.00669254 0.00000018 0.00000007 0.00000030 0.00004509 0.99326175
0.22197826 0.00316635 0.00000014 0.00007447 0.77478033 0.00000039
0.00000137 0.00000000 0.00000019 0.00000000 0.00000039 0.99999809
0.00005379 0.71866333 0.00000001 0.26438150 0.01690134 0.00000000
0.00002741 0.77536035 0.00000002 0.00246780 0.22214444 0.00000000
0.00000011 0.00000001 0.00000024 0.00000000 0.00000019 0.99999952
0.00002144 0.00000001 0.00000031 0.00000000 0.00000000 0.99997830
0.14803886 0.00000193 0.00000317 0.00000150 0.00004966 0.85190481
0.01344032 0.94223893 0.00000213 0.02215934 0.02215934 0.00000003
0.00004540 0.00000009 0.00000083 0.00000002 0.00000789 0.99994576
0.00004530 0.22266045 0.00005817 0.77716142 0.00007469 0.00000000
0.00000129 0.94259816 0.00000001 0.01047132 0.04692920 0.00000000
0.00005829 0.00000005 0.00000001 0.00000000 0.00000373 0.99993801
0.00000449 0.00232439 0.93772435 0.05994671 0.00000008 0.00000000
0.00003472 0.98196352 0.00000000 0.01798529 0.00001640 0.00000000
0.00004467 0.98386282 0.00000000 0.01092973 0.00516284 0.00000000
0.00000065 0.00000011 0.99999881 0.00000003 0.00000007 0.00000031
0.00000789 0.00000024 0.00000050 0.00000001 0.00000290 0.99998844
0.00020308 0.99807727 0.00012317 0.00150055 0.00009593 0.00000002
0.00000373 0.00000001 0.00000001 0.00000000 0.00000137 0.99999487
0.00001298 0.00091021 0.99816650 0.00091021 0.00000005 0.00000000
0.00033534 0.00000005 0.00000000 0.00000011 0.00003534 0.99962914
0.00053971 0.02294905 0.00069300 0.97581828 0.00000003 0.00000001
0.00001752 0.00095634 0.81677425 0.18224697 0.00000502 0.00000000
0.00000065 0.00020337 0.99953485 0.00026114 0.00000000 0.00000011
0.99986279 0.00000478 0.00000226 0.00000614 0.00012339 0.00000065
0.00000605 0.21957277 0.00000007 0.76638430 0.01403682 0.00000000
0.99531436 0.00149639 0.00000004 0.00002134 0.00316787 0.00000003
0.00000011 0.00000007 0.00000226 0.00000000 0.00000176 0.99999571
0.00000039 0.00000050 0.99999595 0.00000226 0.00000083 0.00000004
0.00000002 0.00000004 0.00000226 0.00000000 0.00000004 0.99999774
0.01098613 0.00000007 0.00000000 0.00000014 0.00007402 0.98893958
0.00004523 0.99624699 0.00020270 0.00317084 0.00033420 0.00000000
0.00055276 0.00000004 0.00000002 0.00000009 0.00002752 0.99941957
0.00000973 0.96037209 0.00000002 0.00238052 0.03723767 0.00000000
0.00002735 0.99326718 0.00000000 0.00149332 0.00521219 0.00000000
0.00000007 0.00000005 0.00000373 0.00000001 0.00000176 0.99999440
0.00002543 0.92334026 0.00000001 0.07579239 0.00084198 0.00000000
0.00322717 0.00877236 0.37301028 0.61499006 0.00000001 0.00000009
0.00000261 0.89789343 0.00000004 0.05740041 0.04470348 0.00000000
0.00000039 0.00000039 0.00003536 0.00000003 0.00000039 0.99996352
0.00012337 0.00000003 0.00000000 0.00000290 0.00015842 0.99971527
0.00000614 0.00000007 0.00000001 0.00000000 0.00000789 0.99998581
0.00000004 0.00000003 0.00000004 0.00000000 0.00000014 0.99999976
0.00000137 0.00000014 0.00000000 0.00090999 0.00116844 0.99792010
0.00000137 0.00000024 0.00000083 0.00000001 0.00001670 0.99998081
0.00005100 0.41329020 0.05593274 0.53067511 0.00005100 0.00000000
0.00000024 0.00000226 0.99999666 0.00000065 0.00000011 0.00000002
0.00000035 0.11918623 0.00000006 0.88067377 0.00013955 0.00000000
0.00026773 0.37698635 0.00000052 0.62154549 0.00119987 0.00000000
0.00000267 0.91958368 0.00000002 0.05878701 0.02162654 0.00000001
0.99964201 0.00001670 0.00000083 0.00000373 0.00033534 0.00000137
0.00000019 0.00000004 0.00001301 0.00000000 0.00000009 0.99998677
0.00000107 0.00000002 0.00000001 0.00000000 0.00000065 0.99999833
0.00000001 0.00000000 0.00000024 0.00000000 0.00000002 0.99999976
0.00011590 0.93917757 0.00000002 0.00066698 0.06003961 0.00000001
0.00000083 0.00000009 0.00001301 0.00000000 0.00000065 0.99998534
0.00000000 0.00000011 0.00000014 0.00000001 0.00000290 0.99999678
0.00032247 0.00112554 0.96127903 0.03727283 0.00000011 0.00000002
0.00007434 0.99317580 0.00000001 0.00005790 0.00669197 0.00000000
0.00000007 0.00000001 0.00000003 0.00000000 0.00000002 0.99999988
0.00000003 0.00000001 0.00000005 0.00000000 0.00000001 0.99999988
0.00522010 0.00000030 0.00000000 0.00000039 0.00000476 0.99477440
0.00000107 0.00005820 0.99843949 0.00150109 0.00000009 0.00000000
0.00000001 0.00000000 0.00000226 0.00000000 0.00000009 0.99999762
0.00002754 0.00000005 0.00000003 0.00000000 0.00000083 0.99997163
0.00000000 0.00000003 0.00000290 0.00000000 0.00000004 0.99999702
0.00000215 0.44981518 0.00000014 0.44981518 0.10036733 0.00000000
0.00058300 0.11110065 0.06738596 0.82092893 0.00000145 0.00000000
0.00015844 0.00000014 0.00000137 0.00000000 0.00000014 0.99983990
0.00080171 0.00102942 0.87918192 0.11898433 0.00000255 0.00000000
0.00000420 0.87763423 0.00000000 0.11877488 0.00358669 0.00000000
0.00003984 0.00358606 0.87748092 0.11875413 0.00013905 0.00000000
0.00000001 0.00000003 0.00000137 0.00000000 0.00000004 0.99999857
0.00009610 0.00000083 0.99989903 0.00000373 0.00000031 0.00000001
0.00013067 0.03197308 0.82459646 0.14329338 0.00000651 0.00000000
0.00000479 0.60772866 0.00009630 0.36860603 0.02356420 0.00000000
0.00000191 0.84708846 0.00000000 0.14720190 0.00570764 0.00000000
0.00000001 0.00000050 0.00000290 0.00000000 0.00000019 0.99999642
0.00669267 0.00000018 0.00000001 0.00000011 0.00002735 0.99327964
0.00003536 0.00000373 0.99994791 0.00001301 0.00000009 0.00000001
0.00003536 0.00000000 0.00000373 0.00000005 0.00000176 0.99995911
0.00015842 0.00002753 0.99975568 0.00001300 0.00000000 0.00004539
0.00020341 0.00001300 0.99973577 0.00004539 0.00000226 0.00000007
0.00001013 0.00000001 0.00000005 0.00000000 0.00000005 0.99998975
0.00001536 0.07548425 0.00482555 0.91958642 0.00008838 0.00000000
0.00368643 0.25843903 0.03497592 0.70251006 0.00038855 0.00000001
0.00000005 0.00000003 0.00001013 0.00000000 0.00000050 0.99998927
0.00000290 0.00000479 0.99998713 0.00000479 0.00000039 0.00000002
0.00000000 0.00000005 0.00000003 0.00000000 0.00000003 0.99999988
0.00000359 0.00068320 0.96201187 0.03730125 0.00000011 0.00000000
0.00000055 0.84396476 0.00000000 0.14665909 0.00937560 0.00000000
0.00000001 0.00000004 0.00001301 0.00000000 0.00000007 0.99998689
0.00000789 0.00009610 0.99986053 0.00003535 0.00000005 0.00000003
0.00000001 0.00000001 0.00000001 0.00000000 0.00000003 1.00000000
0.00000002 0.00000002 0.00000226 0.00000000 0.00000226 0.99999547
0.00669262 0.00000004 0.00000000 0.00000004 0.00003512 0.99327224
0.00000087 0.29938924 0.00000002 0.63380706 0.06680276 0.00000000
0.00000449 0.56854391 0.00000004 0.16289054 0.26856112 0.00000001
0.00000176 0.00000001 0.00000065 0.00000000 0.00000009 0.99999750
0.00000107 0.00000031 0.00026119 0.00000000 0.00000107 0.99973625
0.00001741 0.81181794 0.00000000 0.18114106 0.00702360 0.00000000
0.00000614 0.00000001 0.00000014 0.00000000 0.00000001 0.99999368
0.92413306 0.00000442 0.00000163 0.00000077 0.07585747 0.00000268
0.85187531 0.00002346 0.00000672 0.00001108 0.14803374 0.00004966
0.00000039 0.22269714 0.00000007 0.77728945 0.00001298 0.00000000
0.00000007 0.00000003 0.00000065 0.00000000 0.00000003 0.99999928
0.00000137 0.00000000 0.00000003 0.00000000 0.00000107 0.99999750
0.00000009 0.00000000 0.00000009 0.00000000 0.00000011 0.99999976
0.00025305 0.96858793 0.00000005 0.02277901 0.00837993 0.00000000
0.00000614 0.00000002 0.00002144 0.00000000 0.00000039 0.99997199
0.00000479 0.00000004 0.00000014 0.00000001 0.00000007 0.99999499
0.00001252 0.03731494 0.00025143 0.96236497 0.00005610 0.00000000
0.00000002 0.00000039 0.00001013 0.00000002 0.00000009 0.99998939
0.00003536 0.00000226 0.99996006 0.00000226 0.00000009 0.00000007
0.00000037 0.26725098 0.00000001 0.72646344 0.00628514 0.00000000
0.00192024 0.00020239 0.99471140 0.00316595 0.00000003 0.00000001
0.00001288 0.99051428 0.00000002 0.00090323 0.00856963 0.00000000
0.99965823 0.00026117 0.00000011 0.00000478 0.00007483 0.00000083
0.00001976 0.92141336 0.00000001 0.07563422 0.00293266 0.00000000
0.00000014 0.00000005 0.00000789 0.00000000 0.00000007 0.99999189
0.00000057 0.88580424 0.00000001 0.02083212 0.09336307 0.00000001
0.00009545 0.99309063 0.00000000 0.00012256 0.00669139 0.00000000
0.77521306 0.00192156 0.00055054 0.00020253 0.22210224 0.00001008
0.00857686 0.00000175 0.00001289 0.00000009 0.00005779 0.99135053
0.00001826 0.85169363 0.00000012 0.11526420 0.03302374 0.00000000
0.97056133 0.00003432 0.00009328 0.00000133 0.02930841 0.00000133
0.00000165 0.26878673 0.00005469 0.73063803 0.00051888 0.00000000
0.00000613 0.22243880 0.00000011 0.77638775 0.00116725 0.00000000
0.00000039 0.01797857 0.00000135 0.98159689 0.00042282 0.00000000
0.00084050 0.00177934 0.92172003 0.07565939 0.00000077 0.00000000
0.00000001 0.00000001 0.00000065 0.00000000 0.00000001 0.99999928
0.00000290 0.00000004 0.00000000 0.00004539 0.00026118 0.99969053
0.00000004 0.00000065 0.00070967 0.00000031 0.00000137 0.99928802
0.00000050 0.00000479 0.99999201 0.00000226 0.00000050 0.00000000
0.00851461 0.98415494 0.00000030 0.00663118 0.00069892 0.00000003
0.49996591 0.00006170 0.00000186 0.00000145 0.49996591 0.00000307
0.99907982 0.00000372 0.00000226 0.00000176 0.00091104 0.00000137
0.00003535 0.00003535 0.99992788 0.00000137 0.00000004 0.00000000
0.00000024 0.00000003 0.00000083 0.00000000 0.00000290 0.99999607
0.00003535 0.00003535 0.99992442 0.00000478 0.00000002 0.00000003
0.00012339 0.00000003 0.00000001 0.00000003 0.00000290 0.99987364
0.00001666 0.77695280 0.00000002 0.17336160 0.04966893 0.00000000
0.00000001 0.00000000 0.00000000 0.00000000 0.00000001 1.00000000
0.00000009 0.00000009 0.99999964 0.00000019 0.00000009 0.00000002
0.00247154 0.00042949 0.99709094 0.00000787 0.00000003 0.00000014
0.00049627 0.05736159 0.04467325 0.89728624 0.00018257 0.00000000
0.97027159 0.00041794 0.00000104 0.00000765 0.02929966 0.00000219
0.00000003 0.00000001 0.00000001 0.00000000 0.00000019 0.99999976
0.00000363 0.46002775 0.00000002 0.46002775 0.07994084 0.00000000
0.00009557 0.00406366 0.00149494 0.99434584 0.00000002 0.00000001
0.00216898 0.68147212 0.25069961 0.05593864 0.00972068 0.00000003
0.97659749 0.02296737 0.00000014 0.00001270 0.00042066 0.00000172
0.00000000 0.00000003 0.00000039 0.00000000 0.00000019 0.99999940
0.99728644 0.00116770 0.00000031 0.00004528 0.00149936 0.00000083
0.00000002 0.00000001 0.00000176 0.00000000 0.00000003 0.99999821
0.00000613 0.77696103 0.00000001 0.17336343 0.04966946 0.00000000
0.00026118 0.00004539 0.99969041 0.00000226 0.00000065 0.00000014
0.00000007 0.00009608 0.99964261 0.00026117 0.00000009 0.00000000
0.00000003 0.00000019 0.00007485 0.00000001 0.00000478 0.99992013
0.00000217 0.95973039 0.00000000 0.03721279 0.00305461 0.00000000
0.00000007 0.00000176 0.00012339 0.00000000 0.00000478 0.99986994
0.00089460 0.98104274 0.00000002 0.00009429 0.01796842 0.00000001
0.00000478 0.00001301 0.99994206 0.00003536 0.00000478 0.00000003
0.00000005 0.99182582 0.00000007 0.00668287 0.00149115 0.00000000
0.00020260 0.22218183 0.00020260 0.77549082 0.00192225 0.00000002
0.00004466 0.76612294 0.00000002 0.06288721 0.17094512 0.00000000
0.00001470 0.88007730 0.00000008 0.00080253 0.11910551 0.00000001
0.00000556 0.90429312 0.00000000 0.09531178 0.00038952 0.00000000
0.00020339 0.00001670 0.99961531 0.00015840 0.00000614 0.00000003
0.00006543 0.87407857 0.00000001 0.11829367 0.00756226 0.00000000
0.00000969 0.03708594 0.00000080 0.95645899 0.00644457 0.00000000
0.00270270 0.84916449 0.11492191 0.03292568 0.00028486 0.00000033
0.00001301 0.00000290 0.99996269 0.00002144 0.00000002 0.00000001
0.00007485 0.00000789 0.99991226 0.00000478 0.00000000 0.00000024
0.02296933 0.00002095 0.97668082 0.00032764 0.00000104 0.00000023
0.00000002 0.00000001 0.00000050 0.00000000 0.00000003 0.99999940
0.00015761 0.99462008 0.00000002 0.00521929 0.00000289 0.00000009
0.00000014 0.00000002 0.00026119 0.00000000 0.00000011 0.99973851
0.00669274 0.00000030 0.00000001 0.00000005 0.00001659 0.99329031
0.00001300 0.00000614 0.99977666 0.00020342 0.00000083 0.00000001
0.00406908 0.00000014 0.00000000 0.00000039 0.00026013 0.99567032
0.00004539 0.00005829 0.99986088 0.00003535 0.00000003 0.00000004
0.00001013 0.00000019 0.99998903 0.00000024 0.00000003 0.00000039
0.00020204 0.99298477 0.00000000 0.00012254 0.00669068 0.00000000
0.00033304 0.99277568 0.00000002 0.00668927 0.00020200 0.00000000
0.01098693 0.00000002 0.00000007 0.00000005 0.00000082 0.98901212
0.00000079 0.34820709 0.00000005 0.57409650 0.07769551 0.00000000
0.99849522 0.00000014 0.00000137 0.00000065 0.00150118 0.00000137
0.00000460 0.96226966 0.00000001 0.00041449 0.03731124 0.00000000
0.00857574 0.00000024 0.00000011 0.00000174 0.00020168 0.99122053
0.00025471 0.75927979 0.00000001 0.21753728 0.02292826 0.00000000
0.00005829 0.00000065 0.99994075 0.00000019 0.00000007 0.00000000
0.00000214 0.07768045 0.34813961 0.57398522 0.00019255 0.00000000
0.00304645 0.02890392 0.00025007 0.95716637 0.01063316 0.00000002
0.00000081 0.97808766 0.00000000 0.00399722 0.01791430 0.00000000
0.00000014 0.00041449 0.96227396 0.03731141 0.00000001 0.00000002
0.00007117 0.21214266 0.00000011 0.04733543 0.74045068 0.00000001
0.93908936 0.00085634 0.00000011 0.00002014 0.06003397 0.00000008
0.00000592 0.02266142 0.00000003 0.96358782 0.01374484 0.00000000
0.99982256 0.00015843 0.00000039 0.00000176 0.00001670 0.00000024
0.00479632 0.02149563 0.71183741 0.26187038 0.00000022 0.00000001
0.00055274 0.00000050 0.00004537 0.00000004 0.00002143 0.99937999
0.00000354 0.74050081 0.00000001 0.21215701 0.04733863 0.00000000
0.00000003 0.00000083 0.00000614 0.00000019 0.00001670 0.99997604
0.00000017 0.06007909 0.00000952 0.93979520 0.00011598 0.00000000
0.00000000 0.00000000 0.00000000 0.00000000 0.00000003 1.00000000
0.00001298 0.00033484 0.99815077 0.00150066 0.00000065 0.00000001
0.00007484 0.00005828 0.99978727 0.00007484 0.00000478 0.00000007
0.00116301 0.99327832 0.00149333 0.00405930 0.00000610 0.00000001
0.00089824 0.98504305 0.00000001 0.00000777 0.01405088 0.00000001
0.00000291 0.78175265 0.00000002 0.08239611 0.13584824 0.00000000
0.00000073 0.11920135 0.00000541 0.88078547 0.00000695 0.00000000
0.00002620 0.04737790 0.00086776 0.95161068 0.00011744 0.00000000
0.00012309 0.00000065 0.00000106 0.00000014 0.00247231 0.99740285
0.00002144 0.00000002 0.00000009 0.00000000 0.00000019 0.99997830
0.00000107 0.00000014 0.00002754 0.00000002 0.00000789 0.99996340
0.00000137 0.00000003 0.00000000 0.00000001 0.00000014 0.99999845
0.00003535 0.00009609 0.99981648 0.00003535 0.00001670 0.00000003
0.00000176 0.00000137 0.99996090 0.00003536 0.00000039 0.00000019
0.00007382 0.98621839 0.00000009 0.00853246 0.00517520 0.00000000
0.00000373 0.00007485 0.99991345 0.00000789 0.00000005 0.00000000
0.00003536 0.00000002 0.00000000 0.00000001 0.00000009 0.99996459
0.00005829 0.00000002 0.00000014 0.00000000 0.00000031 0.99994123
0.00000328 0.11910636 0.00000421 0.88008356 0.00080253 0.00000000
0.00000014 0.00000000 0.00000000 0.00000000 0.00000007 0.99999976
0.99842751 0.00003530 0.00000031 0.00003530 0.00150108 0.00000050
0.00004540 0.00000000 0.00000000 0.00000000 0.00000050 0.99995410
0.00000122 0.89312434 0.00000002 0.09413461 0.01273973 0.00000000
0.00000173 0.00243793 0.98353094 0.01402931 0.00000014 0.00000001
0.00521906 0.00020236 0.00000009 0.00000083 0.99457633 0.00000136
0.00033535 0.00000226 0.99966168 0.00000039 0.00000024 0.00000011
0.00055254 0.00033513 0.99901569 0.00009602 0.00000065 0.00000001
0.00015626 0.98613727 0.00000000 0.00517477 0.00853176 0.00000000
0.00000004 0.00000001 0.00000137 0.00000000 0.00000039 0.99999821
0.00000087 0.18241414 0.00000032 0.81752354 0.00006119 0.00000000
0.00000729 0.92391199 0.00000000 0.07583932 0.00024138 0.00000000
0.00020055 0.00007378 0.98566574 0.01405977 0.00000018 0.00000000
0.00015844 0.00000226 0.99983716 0.00000137 0.00000065 0.00000001
0.00000031 0.00000001 0.00000000 0.00000373 0.00015844 0.99983752
0.00000005 0.00000007 0.00000479 0.00000000 0.00000002 0.99999499
0.00089110 0.00399365 0.97721410 0.01789830 0.00000284 0.00000000
0.00012019 0.97387683 0.00000000 0.02290339 0.00309964 0.00000000
0.00000226 0.00003536 0.99995196 0.00001013 0.00000001 0.00000031
0.00001673 0.28694913 0.00000004 0.60747135 0.10556269 0.00000000
0.00070953 0.00000003 0.00000039 0.00000001 0.00020328 0.99908686
0.00000065 0.00000176 0.00005829 0.00000001 0.00000065 0.99993861
0.00003536 0.00000083 0.99995983 0.00000226 0.00000176 0.00000002
0.00000290 0.00001670 0.99977213 0.00000478 0.00020342 0.00000005
0.00015844 0.00000001 0.00000014 0.00000000 0.00000137 0.99984002
0.00002754 0.00000007 0.99997163 0.00000019 0.00000050 0.00000014
0.99806327 0.00000083 0.00000787 0.00000065 0.00192672 0.00000065
0.00192670 0.00001011 0.99805534 0.00000787 0.00000004 0.00000003
0.01098590 0.00000009 0.00000004 0.00000002 0.00009505 0.98891884
0.00000373 0.00033534 0.99962556 0.00003534 0.00000001 0.00000000
0.00004540 0.00000373 0.99994659 0.00000373 0.00000014 0.00000039
0.99849403 0.00116912 0.00000005 0.00000176 0.00033496 0.00000014
0.00000373 0.00000290 0.99999249 0.00000050 0.00000031 0.00000005
0.00000001 0.00000000 0.00000137 0.00000000 0.00000005 0.99999857
0.00000003 0.00000014 0.00000050 0.00000000 0.00000003 0.99999928
0.00000002 0.00000001 0.00000009 0.00000000 0.00000002 0.99999988
