-18.905449 0.710036 18.044611 5.461275 -1.940714 -29.558977
-17.675182 3.942461 10.944238 6.377606 -4.586645 -30.623940
-3.509226 -16.272179 -16.549088 -12.225968 -0.093666 17.050081
-22.426184 13.526900 -6.053805 4.844417 -11.280367 -36.324619
1.322342 -4.735527 -8.195156 -14.357602 -4.774746 9.648040
-19.753670 0.127521 18.540586 5.315758 -1.426099 -29.738110
1.529925 -5.025646 -9.956981 -13.763455 -3.892821 9.487511
-15.565508 15.528888 -17.835930 0.582636 -1.678677 -31.298092
-4.987280 -10.369980 -10.517288 -15.418721 -4.261195 17.985516
-4.372413 -11.384605 -16.096485 -12.170222 -0.494048 18.045855
-2.183356 -13.297339 -18.429493 -13.614334 1.169520 16.212923
-17.597828 0.335148 16.547205 6.701754 -2.919843 -33.097267
-26.051399 7.596246 9.868602 7.216403 -3.496694 -38.773949
1.283968 -3.663611 -6.531545 -16.424168 -6.739904 10.997186
-22.170012 4.656573 14.036922 5.681483 -3.932934 -33.029446
-18.656492 7.375222 -3.125592 11.276940 -4.966835 -37.960701
-19.966356 12.358416 -6.144171 8.159560 -8.798533 -42.712154
-0.750760 -6.216848 -9.441837 -13.881430 -3.360235 12.713281
16.883575 -8.462470 -15.737183 -6.804910 5.662578 -13.402184
15.027031 -5.840084 -16.970379 -7.396628 5.983310 -10.256514
-13.372884 0.491510 5.125387 13.467087 -2.782268 -38.023174
-18.552847 7.417537 -3.124262 12.230615 -6.337924 -39.442097
-25.258017 17.626762 -16.335474 3.359939 -3.610817 -39.032253
-1.236474 -14.972117 -21.238787 -12.017932 3.585566 14.476650
-11.232536 10.853298 -17.249182 0.755541 -1.357467 -23.645906
13.618642 9.849333 -16.341280 1.560921 -6.525392 -32.916843
1.777034 -4.299393 -9.083285 -13.929773 -4.647450 9.267646
-16.179096 12.546755 -11.271526 5.253621 -6.226690 -35.019512
-22.725548 2.017850 0.022749 13.639669 -4.165205 -32.431908
-18.950813 18.860195 -18.149668 1.003221 -2.209049 -38.355114
-1.381557 -14.301240 -18.234255 -12.419768 0.768943 16.055099
-3.676236 -19.476332 -28.893856 -6.002873 9.028197 16.842136
-2.035745 -14.244406 -21.348381 -12.116852 3.696924 15.609682
-0.390332 -14.132589 -22.063984 -11.471884 5.043857 12.655850
14.143060 -3.146843 -24.529932 2.619555 7.441527 -17.531981
-22.967663 16.132044 -16.437899 3.013998 -2.775151 -36.321980
-7.530293 -15.021614 -18.797241 -9.197450 0.767391 21.481112
-28.891338 10.377489 -6.066008 9.334658 -6.427379 -34.872379
-16.491867 8.587460 -5.000836 9.813461 -7.877660 -35.477802
-11.009110 -2.391695 10.187356 6.639035 -10.064239 -25.892105
-16.466164 -0.944450 15.345288 2.992866 0.649565 -20.998226
-0.526450 -13.391392 -19.700047 -12.531361 2.424650 14.046276
-15.452390 3.024774 11.388592 4.053233 -6.143374 -26.306067
-14.399319 8.618789 -5.401515 9.097524 -5.812738 -35.521835
-22.693611 3.762381 13.724918 7.420441 -3.756584 -33.866684
-6.572134 -7.711195 -7.094711 -15.936157 -4.044126 15.239463
-0.464318 2.427976 -14.139157 0.911659 10.969753 -19.585142
-12.468831 -0.806645 14.359317 3.351832 -5.177461 -22.330000
-4.187207 -9.143223 -10.094245 -13.084987 -3.490165 15.780084
-21.436426 16.283159 -14.162397 3.555092 -2.721626 -37.129829
-9.376053 -1.636540 8.917419 7.871611 -3.266257 -25.832102
-11.976010 14.568128 -14.249880 1.288980 -2.438184 -31.472164
-18.785770 2.288247 16.000860 2.771133 -2.803356 -27.137920
-18.719044 6.280971 -0.702575 13.425110 -5.869087 -40.947296
-18.298437 2.217058 14.028337 5.145805 -2.928890 -29.276735
-9.741293 -1.116680 7.351000 7.865554 -10.465082 -25.797094
-2.877087 -8.302215 7.136331 7.850395 -15.246818 -18.933603
-13.938334 6.392569 -1.967108 11.104248 -6.785280 -35.761780
-2.982515 -12.355821 -16.393391 -14.685970 -0.136505 16.617336
-3.917383 -19.459143 -29.010462 -6.194154 9.485754 16.743322
-19.054260 15.526103 -14.356626 3.147999 -3.125348 -36.992081
-4.388473 -13.834765 -16.867817 -12.694176 1.413275 16.658684
-19.147997 0.264194 2.191858 13.138268 -5.599696 -31.397873
1.418478 -4.688425 -8.997287 -14.109973 -4.779338 10.394794
1.168771 -0.759576 -8.163816 -3.640890 8.828895 -6.859033
-25.885534 4.556399 15.389674 6.658215 -1.586631 -33.747623
-14.520218 14.803731 -14.385190 1.485096 -2.445449 -33.128422
-13.883503 15.161163 -13.959896 1.804786 -2.855228 -33.061565
-5.034863 -16.005909 -20.539963 -13.680623 2.617083 18.794237
-2.449233 -13.258825 -19.792721 -14.038140 1.627244 16.998655
-14.579502 1.068312 13.431511 3.103174 -3.847210 -23.594872
-16.451321 8.171371 -2.691998 10.944618 -6.019021 -38.144512
-2.882047 -10.640653 -14.019706 -12.536016 -1.158543 15.744699
-1.609078 -6.041573 -12.736563 -14.906363 -1.328752 13.594598
-25.939278 14.778929 -8.015817 6.356747 -8.726865 -40.233410
-28.711142 14.881660 -8.160288 5.330037 -6.268114 -37.718193
-1.602239 -13.686991 -21.441265 -12.059497 4.064650 14.416168
-2.361027 -9.704764 -14.877057 -14.772917 -1.047397 16.041832
-21.913195 5.070159 -1.987064 11.186757 -8.454312 -30.926632
-2.428466 -13.658887 -20.210274 -13.307727 1.799607 16.879904
-5.607474 -19.667526 -29.046824 -4.598837 9.619246 17.826717
-21.729713 5.445586 11.206309 6.041863 -3.799492 -29.378073
-3.754012 -16.627352 -22.262459 -11.345625 4.306972 17.053482
-32.190773 16.200745 -9.852129 5.787565 -6.111101 -38.002399
-24.674244 11.971007 -4.437706 6.586035 -10.563041 -35.170315
-13.125352 8.758424 -6.057590 5.783868 -5.153009 -28.622644
-16.196226 1.766087 13.486906 2.844012 -0.903781 -24.146133
-1.982771 -13.242319 -20.578268 -13.064960 1.984144 16.043678
-18.491438 2.292959 1.395587 12.297964 -8.021857 -31.709818
-18.595480 3.881883 12.537961 5.597856 -3.448065 -28.106308
-19.503126 1.558469 15.011890 2.978966 -0.086304 -24.574789
-28.644569 14.498996 -7.427872 6.870445 -5.526344 -41.056389
-17.454985 7.561160 -3.068468 11.717904 -6.435776 -39.061237
-24.617216 3.684484 16.246798 6.380383 -1.218784 -32.173367
-22.294479 4.031816 14.168490 6.073541 -2.970196 -30.850683
-20.898169 4.193293 12.197241 6.620202 -3.608181 -32.937160
-13.941275 12.239490 -12.104920 5.330184 -7.232286 -34.386848
-8.449901 10.079460 -10.924322 4.257445 -4.758458 -30.849993
4.973184 -0.209850 -15.139660 1.620513 6.393845 -14.854153
-16.238533 6.542008 -3.080106 11.491776 -7.102870 -35.923897
3.589017 -4.383379 -9.780340 -13.683023 -4.592915 8.284906
-2.400236 -9.679749 -16.543722 -14.293491 0.726105 15.225376
11.802723 -8.145621 -19.315207 -15.128113 4.091914 -1.649027
-1.037214 -7.936928 -12.414871 -15.167464 -1.558977 13.086816
-19.386412 14.817533 -15.233055 2.788505 -4.095101 -34.886951
-10.346791 3.673025 2.743902 6.138173 -1.843525 -26.622612
13.639588 -1.354835 -12.905306 -4.605086 -2.016434 -16.667414
-16.242006 13.689384 -11.272010 4.629245 -2.626918 -37.640949
-4.125219 -13.697056 -13.556231 -14.190716 -1.000487 16.403128
-18.708590 7.718284 -2.163336 12.238638 -4.509364 -40.946693
-2.602496 -15.600598 -21.448967 -11.543455 3.643372 15.798681
-21.514772 17.235552 -18.326895 1.980590 -3.443209 -37.042595
-15.545835 15.459868 -18.440720 0.992085 -0.852757 -32.510765
-1.353238 -7.461915 -12.012149 -13.853470 -2.274091 13.712850
-12.331374 8.641475 -5.230690 6.004853 -2.439992 -31.116064
-18.795214 14.604323 -11.780420 2.965369 -3.119766 -35.897804
-6.384613 -12.671553 -15.125057 -17.491442 -0.908652 20.761911
-19.373144 13.601480 -15.338455 2.156803 -1.011999 -30.333931
-17.123997 16.301939 -16.367977 0.890074 -1.468343 -33.973015
-23.476595 4.389156 11.289714 9.321364 -1.769344 -37.000965
-13.587481 9.136979 -5.744356 8.187769 -4.567831 -34.976414
-2.556523 -15.929125 -21.927572 -10.887497 3.127454 16.922049
-20.207312 2.685981 1.726455 12.951306 -6.879314 -34.666378
-9.111560 10.575485 -11.939764 2.696574 -1.247046 -31.057512
-0.350665 -7.698786 -14.649745 -15.970144 -2.201944 14.191287
-2.172569 -12.998539 -14.473964 -14.123838 -0.072978 13.979689
-20.436844 4.808528 12.823865 6.632616 -6.390330 -32.970047
-19.528418 18.490198 -18.213037 1.015473 -1.674955 -38.021362
-21.925318 5.430422 10.070802 7.717847 -4.460768 -35.616119
-4.537591 -11.046436 -13.891890 -14.281400 -1.622472 17.784555
-20.309183 3.792170 16.202089 2.923815 -3.926883 -30.284777
-10.688630 5.258392 1.053326 10.827732 -7.508680 -33.135872
-1.552830 -14.706285 -18.059029 -14.305548 1.159531 15.398973
-10.425383 -1.776452 9.850251 6.964889 -11.031909 -25.869692
-13.916051 -5.527036 7.385297 16.077753 -6.815373 -35.767525
-7.491362 8.280484 -6.846885 3.243109 -0.083402 -30.245104
-16.573965 0.551044 13.365005 4.033768 -2.802732 -24.213888
-4.410022 -18.744287 -15.071691 -12.067197 0.377330 17.211391
-3.115064 -15.051095 -19.065157 -11.908727 1.122183 17.193100
-17.116636 4.561413 9.646840 6.486079 -4.560382 -31.712025
-17.742472 5.870985 -1.733747 12.897942 -6.674211 -38.693230
-14.172732 15.913779 -16.851019 -0.042111 -1.826122 -30.838057
-12.050229 12.300521 -16.301624 3.146503 -0.609133 -31.139906
-25.256634 3.732836 15.451987 6.594676 -0.598291 -32.634010
-0.792304 -11.749819 -16.659849 -15.059156 -0.377693 14.971080
-22.244175 1.176156 14.011180 7.043575 -1.963940 -26.976959
-10.437560 -1.071823 7.644351 7.931871 -9.207813 -25.827484
-9.949741 -0.856554 12.644642 5.381664 -10.816719 -25.993902
-21.715567 2.494982 16.078352 7.453819 -3.949589 -33.142620
-6.469981 9.198322 -14.003939 0.787277 -0.313277 -24.587851
-14.658622 14.526891 -16.084789 1.269279 -0.946841 -31.913956
-4.329144 -19.655577 -30.101130 -4.836267 9.961295 16.969099
1.103496 2.342771 -15.174797 2.818847 7.364895 -22.831070
-14.971628 15.518770 -16.499058 0.508703 -1.341417 -31.511784
-15.168028 17.003019 -19.400509 -0.005240 -1.078026 -34.495659
-18.079502 12.096617 -11.633114 3.816329 -3.211942 -31.120193
-14.790826 0.968702 12.896911 4.870740 -3.154605 -27.306580
-30.022005 17.571167 -11.341214 6.089477 -6.428174 -46.008751
-12.058163 -2.979239 16.053127 6.245417 -9.963842 -28.956772
2.885920 -3.595671 -8.559505 -16.282789 -6.301404 10.333919
-1.278923 -15.506606 -20.186905 -11.880316 1.673606 15.566395
-16.182928 16.424427 -15.789764 1.192355 -2.530252 -33.793762
-1.440287 -8.570114 -13.506296 -14.878941 -1.442427 13.533656
-1.653195 -13.043981 -19.086649 -13.940926 1.683048 15.233423
-13.789269 7.857130 -5.701207 6.442243 -5.123308 -29.398540
-1.745451 -12.630905 -16.898634 -13.323594 0.087758 14.913495
-14.952648 18.321159 -20.178047 -0.258649 -1.976768 -35.946396
-27.275328 4.291519 13.824317 6.316610 0.311959 -30.998075
0.361373 -13.661687 -18.904980 -13.293498 2.728541 12.089969
-19.384220 8.017439 -3.604711 12.222945 -5.404618 -41.159351
-3.146327 -13.790275 -15.555267 -13.681743 -1.077217 16.594448
13.768429 9.178743 -16.151794 1.575967 -5.954631 -32.771667
-21.247768 3.955749 13.698389 6.163522 -5.296514 -31.237745
-17.390585 4.211860 11.574537 4.844010 -3.837487 -27.295349
-12.426120 16.975336 -20.916708 -0.483775 -0.891242 -34.004101
-1.791155 -9.882358 -14.107950 -13.985116 -1.051318 15.008570
-2.887856 -13.687325 -18.076162 -13.607210 1.091567 16.534950
-18.857668 13.171654 -16.015055 3.077378 -2.902609 -31.592682
-1.925809 -16.689896 -20.826836 -11.219277 4.446343 14.511998
-11.965056 10.625105 -8.093530 5.402271 -4.311293 -31.936043
-2.470169 -13.763220 -17.836834 -13.041225 1.160609 15.804508
-11.802681 12.909643 -12.976295 2.546083 -1.547895 -31.766607
-11.509691 13.503260 -12.242582 1.124189 -1.184327 -29.932503
-3.803436 -9.810710 -11.560543 -13.716607 -3.578932 16.086119
-18.804575 0.633955 16.310616 6.768241 -5.789246 -31.432314
-13.798923 16.079372 -18.609655 0.164583 -2.131817 -32.190895
-18.817926 4.777703 -0.263682 14.235634 -6.725928 -39.589378
13.485190 0.605084 -18.018997 0.256932 4.342491 -23.591866
-3.471927 -14.566013 -18.537563 -12.899663 1.435297 17.563139
-3.399369 -10.914484 -13.975642 -12.250607 -2.621955 16.294006
-0.430839 -6.655736 -11.162160 -14.977931 -3.415190 13.446218
-21.523623 4.474907 13.136606 6.492449 -2.607072 -34.326374
-4.582950 -20.077343 -28.215979 -5.639153 8.719061 17.886984
-19.090988 4.650386 -0.472358 13.663218 -6.647771 -38.045818
-12.871618 -1.407263 15.820591 1.436066 -6.306676 -19.472773
-19.282764 1.710167 16.044302 5.151878 -3.295730 -29.238842
-14.597339 6.710643 -3.714045 10.569444 -6.872067 -34.349068
-13.465101 16.029867 -18.193830 0.870766 -2.559847 -34.106567
-20.177681 16.459034 -13.839540 2.446907 -2.219995 -36.321602
-1.298998 -13.018980 -19.347748 -12.581332 1.061457 15.641531
-16.569201 4.486171 -0.397071 7.970018 -5.298673 -27.523415
-19.719275 5.708401 -1.059073 12.963013 -5.523118 -39.240879
-25.319571 14.657239 -11.254375 8.025771 -7.034901 -44.878345
-11.049860 0.862082 6.314172 7.945811 -8.827909 -25.213444
-17.350418 16.394814 -15.881865 1.771031 -2.410325 -35.300594
-32.721832 17.313204 -10.468223 6.966583 -5.245645 -45.825012
-3.419945 -8.875908 -12.814242 -13.641743 -2.409146 15.902165
-16.292835 5.617626 1.772162 10.400656 -6.572662 -34.740463
-29.524473 13.764774 -7.223640 6.731611 -6.535763 -36.706810
-3.237870 -12.072003 -15.558939 -12.266163 -1.191943 16.733244
-2.901769 -14.012229 -18.831251 -12.196364 1.538959 15.962148
-24.686979 15.076069 -7.805130 6.296831 -9.910707 -42.113464
-13.566471 11.186533 -8.732895 6.166122 -6.784915 -33.705936
-23.837502 17.018093 -15.846231 3.228952 -3.503931 -38.897022
-18.653318 16.354364 -13.962457 1.997359 -2.330843 -35.472866
-14.269225 6.084172 -1.918545 10.478570 -6.998627 -34.163795
-10.746414 7.067100 -4.343454 7.162910 -7.337625 -29.660030
0.003108 -6.535974 -9.881359 -14.771214 -4.232781 13.098646
-2.518688 -10.023002 -13.455109 -12.902283 -2.136446 15.103399
-14.290929 14.384444 -17.396490 1.537040 -0.896159 -32.570900
-16.687824 6.832919 -2.474644 12.280026 -5.969373 -39.281464
-19.015459 2.101725 14.956964 3.081160 -1.151661 -26.524307
-16.216909 3.701613 11.036838 6.743392 -4.690223 -32.522919
-27.552324 12.801945 -5.583342 7.090986 -7.252381 -37.707344
-18.481352 0.529237 17.734198 4.623224 -2.736604 -30.723679
-16.434288 7.577066 -3.471474 6.024479 -6.346775 -27.455271
-16.430817 15.860355 -14.420341 1.576318 -2.536288 -33.613552
-10.254669 11.566770 -13.534513 3.499926 -5.685670 -30.574621
-15.746019 5.819561 -1.725725 12.481966 -7.448942 -37.654408
-15.852105 -0.799182 14.426816 1.696783 -2.119438 -20.708731
-4.137365 -11.199121 -14.316027 -12.515170 -0.859235 16.594482
-18.408903 2.645698 11.479226 8.821422 -2.072652 -32.634949
-21.748863 16.164289 -13.056545 3.430157 -3.906130 -36.832855
-19.672228 6.374351 -1.919259 13.571724 -7.017669 -40.540203
-15.890358 0.107251 16.093985 4.424864 -4.635605 -24.611525
-2.311214 -13.690755 -20.388651 -12.886315 2.715666 15.992534
-28.154404 17.402998 -9.839278 4.728832 -9.327924 -40.401028
-16.559641 6.675986 -2.321538 12.198234 -8.286339 -36.635082
-20.120359 7.364868 -2.776023 13.006269 -5.684218 -41.042332
-28.321136 7.926229 -4.775342 11.336139 -2.738875 -35.107922
-2.124881 -13.514584 -18.338068 -13.303085 1.578043 15.279562
14.769594 -4.746806 -17.858267 -6.643596 7.154900 -13.069950
-3.421679 -13.826084 -19.923330 -13.755289 2.108765 17.567434
-15.794569 18.238306 -20.357540 0.280681 -2.368123 -36.481224
-1.799340 -9.170711 -15.382155 -13.786040 -0.686461 15.229407
-11.631453 13.923372 -13.172852 0.687557 -1.742823 -29.424335
-4.952656 -12.838746 -16.513063 -11.549250 0.545386 17.641563
-27.061964 5.017179 13.311062 8.895088 -0.060112 -35.221066
-31.198074 17.237217 -10.604548 6.741378 -6.333827 -45.556850
-21.184277 14.625395 -14.206083 2.764029 -3.337449 -32.475628
-0.639514 -7.891390 -12.800591 -13.460509 -2.362570 13.734617
-3.086203 -12.325707 -17.313568 -12.710365 0.245997 16.631512
-1.620217 -6.051231 -8.132290 -13.630813 -4.358664 12.790386
-24.328592 2.395593 18.062014 3.692252 1.067506 -28.897625
-14.119665 -1.053508 11.201485 9.384684 -4.346998 -28.458094
-24.703045 15.539721 -12.494815 4.296431 -3.876322 -37.075443
-4.440085 -12.197103 -17.255953 -12.852687 0.237758 17.970795
-1.351748 -9.293826 -13.179497 -14.223970 -2.292060 14.380198
-4.815949 -14.492191 -19.164289 -11.086695 3.978240 16.690813
0.674750 -5.496377 -9.408680 -13.046966 -4.983865 11.446176
1.285961 -5.219307 -8.272083 -13.720572 -5.394422 10.290319
-16.820892 7.092581 -3.008913 10.734359 -6.449858 -37.853214
-3.510025 -8.752568 -11.533920 -13.661305 -3.537731 15.979920
1.308723 -13.745576 -20.317358 -12.864932 5.130162 10.383873
-3.099929 -13.689526 -19.605957 -12.864305 1.784307 16.663164
-2.177699 -10.204107 -15.928262 -13.839224 0.500411 15.019710
-8.231503 -5.274872 5.943330 13.898470 -9.436239 -32.217686
-18.041103 8.217815 -1.703573 11.432721 -4.500420 -41.189510
-18.498686 0.717277 12.691552 3.090934 -0.580121 -20.374701
-18.517040 5.566204 10.951183 6.920435 -6.713856 -32.466915
-16.726923 4.120807 12.848238 4.024678 -3.051088 -29.323925
-3.073793 -15.470695 -19.201408 -12.400768 1.694008 16.678677
-2.342227 -14.969412 -21.510529 -12.572326 3.647390 16.068058
-19.524096 1.905147 14.175869 7.500031 -6.056957 -31.912188
-23.229752 16.077572 -18.015484 2.474107 -2.673897 -35.287800
-2.788311 -17.250875 -21.485107 -9.944266 3.294218 16.624924
-16.379721 -0.106290 14.688380 1.917803 -0.511045 -21.867704
-1.427826 -9.082916 -12.740186 -12.977683 -1.891230 13.104936
-22.869474 16.051146 -17.902752 2.526615 -3.326194 -35.408012
-24.098755 15.585387 -14.454109 3.674338 -4.188599 -37.200817
-20.269630 3.620948 15.899436 5.503120 -5.904366 -33.203587
0.114000 -6.846736 -10.861008 -16.008236 -4.416945 13.629520
-2.580889 -9.437938 -13.023116 -13.796041 -2.377074 15.458278
-16.201763 10.218220 -5.692389 4.840865 -8.213939 -28.405724
-19.674656 2.508127 13.255415 5.807517 -1.429173 -27.099936
-14.698108 6.212186 -1.736100 7.096145 -5.780952 -27.485014
3.865494 0.132984 -9.438977 -4.134975 6.687257 -14.490918
1.154017 -6.804123 -13.219435 -13.796758 -0.789328 11.466134
-4.399148 0.005444 0.318397 3.359487 0.000794 -13.426239
-23.606430 1.085762 0.810321 14.774120 -3.235286 -33.899780
-15.984073 2.676391 5.603618 13.634583 -8.173496 -36.929985
-11.674371 5.687233 2.614987 11.370103 -6.784303 -35.770470
-25.281639 15.797440 -13.736987 4.490611 -2.544583 -38.508698
-5.295446 -14.891346 -13.684902 -13.310454 -2.661082 19.206308
-33.706520 11.592407 -5.201852 7.762647 -3.256358 -31.683718
-2.073525 -8.956072 -15.323318 -14.359003 -1.615178 16.013630
-14.663959 14.978604 -13.926159 2.080327 -2.744286 -34.366230
15.372656 -8.015373 -11.913506 -12.958667 0.959356 -6.858719
-5.144094 -13.276356 -14.425817 -14.335849 -0.576218 17.625505
-4.825706 -11.513270 -12.518639 -13.628364 -2.000496 16.798607
-21.393194 1.875291 16.171543 5.283349 -1.248993 -30.023876
-24.453197 15.660785 -7.514343 4.478159 -10.984792 -38.238911
-17.005430 15.794650 -14.390044 1.973863 -2.158077 -34.910805
-1.673021 -8.297598 -15.218637 -12.419234 1.257533 12.969623
-2.311615 -9.958893 -14.273803 -14.729649 -1.634891 15.756990
-20.093197 1.991920 14.760588 7.202765 -3.175840 -32.692646
-3.774207 -10.684161 -12.522112 -11.868481 -2.297859 16.080723
-29.738907 16.142073 -9.148973 5.142370 -6.686186 -39.776920
-16.020180 6.235157 -0.935699 10.601233 -6.846176 -35.131718
-9.791380 -3.384812 15.971390 4.992473 -10.075935 -25.151167
-2.093961 -15.978712 -20.096920 -12.132034 2.777652 15.449194
-1.261093 -4.737425 -6.853948 -14.112017 -5.132707 12.411104
-13.501060 13.154660 -13.440927 2.737757 -2.532571 -33.484913
-0.680480 -10.548866 -18.623034 -14.535695 1.010283 14.812740
-12.700569 4.608994 1.242530 8.894058 -6.763945 -28.607443
8.349213 -4.920609 -15.832970 -7.350441 12.076652 -8.938280
-1.390231 -15.005949 -20.778955 -11.416818 3.154735 14.341639
-12.264104 15.152223 -19.110088 0.035933 -0.780364 -32.584930
-16.769636 16.128860 -15.371057 1.049005 -2.091692 -33.531265
0.617349 -13.972244 -22.629650 -12.397879 5.305200 11.990322
-22.687735 3.082978 16.413549 5.580465 2.102938 -31.101482
-16.771263 6.834781 -2.774694 11.273068 -5.886084 -36.348186
-19.632687 -0.397249 2.407587 14.195550 -4.513802 -32.642113
-11.745856 14.180406 -16.578526 0.452067 -1.744367 -29.743406
-11.677802 0.694697 11.011538 3.499318 -5.147898 -21.903946
13.618805 -11.135184 -21.648521 -2.685452 14.004010 -11.426686
0.365841 -13.312542 -18.356073 -14.481568 1.643538 13.125206
-24.471766 4.134736 13.828847 5.474435 1.832722 -31.171747
-4.601206 -11.189317 -13.082067 -14.244080 -1.410326 16.928448
-18.887009 5.332167 10.351200 6.268109 -6.048663 -33.148361
-3.733471 1.109319 -5.623549 2.438892 5.207107 -18.485888
3.062282 -7.312379 -11.871171 -6.620499 9.606173 -4.470290
0.235773 -8.698409 -11.538490 -13.543849 -2.725200 12.610211
-9.243589 8.960941 -9.579015 2.741959 2.580107 -30.937994
1.706854 -4.609457 -9.898913 -13.767597 -3.857629 9.505942
-20.115139 7.965796 -3.936938 12.115398 -5.619657 -39.806725
-23.597025 16.276201 -9.462969 2.978186 -8.282336 -39.639790
-0.390007 -12.160398 -20.827147 -13.378464 4.155224 13.281270
-4.156759 -18.182293 -28.132450 -5.389575 8.320174 16.854385
-22.218493 0.552471 -0.693923 14.007199 -2.597000 -28.983568
-12.996896 14.144289 -11.722213 2.257321 -2.786769 -31.641319
-26.305895 16.525492 -12.880284 4.524290 -3.690943 -39.389923
17.806210 -5.800794 -24.888765 -1.938977 11.216744 -15.324773
-19.017498 17.009514 -15.655915 1.224246 -1.399262 -35.370617
5.647040 -14.707998 -22.955671 -5.206383 15.044426 -1.632585
-1.688585 -13.575405 -21.154135 -13.214627 2.916637 15.787794
-21.135738 0.888746 2.150649 11.784901 -2.719778 -29.421900
-2.370063 -14.311441 -16.770403 -14.243266 1.377943 14.795794
-3.816545 -9.073524 -9.713856 -14.052888 -4.248645 15.825261
-19.004377 0.141412 16.005856 3.833982 -4.741252 -25.037840
-2.626874 -13.899195 -20.893858 -11.742290 2.913534 16.423887
-24.481251 4.929951 15.849039 5.532613 -0.382108 -34.780224
-2.945849 -11.234276 -14.539046 -14.185905 -2.445915 16.518158
-3.150737 -7.903482 -11.285689 -14.284933 -3.493969 16.085876
-3.017965 -12.291775 -13.662477 -14.231308 -2.553417 16.626446
-4.349636 -11.997995 -16.448332 -11.389066 -1.499362 18.694025
-23.584806 4.220656 13.808744 7.367462 -1.691839 -33.467201
-17.155804 2.251053 15.666270 3.552713 -5.843430 -29.978804
-19.892212 2.843787 13.477244 3.945795 -0.017616 -27.439381
-3.981457 -0.390958 -2.583061 3.754034 1.666932 -10.688156
-16.133781 7.988050 -1.607077 10.271924 -5.590994 -36.594360
-11.511278 13.926722 -15.929129 1.425961 -1.145293 -30.528915
-15.223140 15.522585 -14.762418 0.778275 -1.980010 -31.254456
-13.252987 -0.426694 17.119614 2.493796 -3.997177 -25.676159
-19.222637 1.529228 15.628257 4.296719 -1.636892 -27.828764
15.728766 -0.895840 -10.170952 -8.851677 -1.252976 -13.608438
-19.014284 3.186056 11.465989 6.059857 -0.841016 -33.122471
-4.290459 -19.634659 -28.498241 -6.117988 9.988354 16.611134
-1.494274 -12.927013 -20.317572 -12.254185 2.269947 15.146949
-11.747022 15.912951 -17.205379 -0.241045 -2.224682 -32.031059
-3.691551 -13.910717 -17.140837 -11.875493 1.405896 16.310862
-3.119414 -16.470041 -21.542149 -10.366964 3.126167 16.605356
-2.381180 -8.541501 -10.865015 -13.982797 -2.876800 14.154550
-11.299712 -0.547933 9.551886 8.236205 -3.782525 -27.699570
-1.381698 -8.685452 -14.508583 -13.572193 -1.320175 14.704099
-20.168697 3.560518 12.334196 5.834763 -2.307024 -29.918736
-0.624490 -10.557637 -18.651525 -13.889725 1.874589 13.802485
-18.476954 15.088774 -19.552887 0.793775 -2.279837 -31.493546
-18.192856 0.009000 15.693608 3.966050 -3.052938 -21.970390
-1.716636 -12.753877 -19.883884 -13.029438 2.365350 15.408667
-14.593187 2.401202 5.794053 13.385313 -8.764351 -35.980278
-10.517935 13.472475 -16.860550 0.393774 -1.481350 -28.043585
-21.348396 0.768015 18.150270 3.909315 -1.111798 -28.152203
-0.443838 -5.596263 -8.547421 -15.258030 -5.429162 12.975949
-0.505605 -7.755333 -10.745780 -14.171453 -3.927079 12.918537
-4.262739 -18.553022 -28.167282 -5.289005 8.531437 17.035292
-16.030622 11.146393 -7.781092 7.212134 -7.406201 -35.247845
15.449131 -6.663085 -19.760189 -4.717928 7.686456 -12.612988
-24.792366 15.967051 -12.452347 5.065153 -2.807567 -39.842728
-2.694335 -15.018427 -19.996565 -13.073713 2.120963 16.603771
-3.485181 -10.153991 -14.049846 -12.263690 -3.487210 17.535585
-2.715841 -8.266613 -10.704695 -12.478268 -3.495731 14.585070
-17.712500 0.149432 14.482074 4.756944 -4.430946 -26.020029
4.477570 -13.689404 -15.168095 -13.146064 1.516653 6.954231
-15.909923 6.301295 -2.167949 11.969762 -6.534187 -36.932499
-17.575443 6.664080 -1.571110 11.830955 -5.783844 -39.660446
-1.516123 -15.277397 -23.047689 -10.959529 4.258334 15.147338
-15.706495 14.150088 -17.877293 1.185831 -1.437280 -30.356024
-5.165716 -11.574378 -13.141221 -16.999100 -1.556971 17.915426
2.001605 -4.776702 -9.303769 -13.896676 -4.762115 9.349257
13.174802 3.542828 -13.987178 -6.004875 -1.772460 -20.559847
-17.541321 14.247566 -17.111120 1.282274 -1.321835 -31.192705
1.058610 0.282199 -10.707862 2.134710 8.702591 -18.754179
14.835834 -11.801336 -21.277048 -0.593931 12.194736 -12.246814
-15.372474 8.768569 -6.359899 5.952711 -5.405870 -29.841154
-1.552836 -8.859943 -11.007562 -14.300459 -4.027933 15.059607
-4.290753 -18.095812 -28.217649 -5.313799 8.717285 16.665361
-0.465206 -6.132222 -10.709048 -12.562444 -3.606437 12.319780
-11.415895 15.557824 -17.885593 -0.130826 -2.114802 -31.630547
1.492251 -5.135913 -9.365567 -13.684016 -4.644780 10.306472
-2.405017 -13.002831 -20.209482 -13.770969 3.007793 16.126207
-1.190086 -14.812052 -19.973034 -12.216094 1.312936 15.422056
1.234640 -5.508360 -9.647956 -13.588829 -4.580299 10.404562
-15.890915 9.258937 -6.564309 6.048489 -4.851001 -29.897436
-15.222038 1.852859 8.711929 9.091513 -7.986444 -32.843586
-10.400055 15.275807 -19.826025 -0.088207 -1.578525 -32.241154
-10.628940 11.374755 -8.027503 3.775948 -2.056213 -31.389835
-22.912535 15.613399 -15.018481 2.553190 -5.126892 -34.169163
-1.646109 -14.666051 -20.737417 -11.923681 4.177892 14.222394
-17.935808 6.030987 -1.713173 7.150390 -6.482760 -27.716919
0.419332 -4.874667 -8.223859 -12.834711 -5.378167 10.984008
0.409002 -5.648941 -9.303275 -13.901315 -4.232528 11.002805
-0.646171 -11.586699 -15.605854 -14.214501 0.057919 14.200263
1.976591 -5.099956 -7.136457 -15.439100 -7.059279 11.226767
-18.350464 16.165533 -20.694424 0.611908 -1.945497 -33.825806
-12.614078 11.972231 -12.094501 1.855715 -0.898207 -28.810432
-1.710237 -13.341270 -14.679138 -13.494596 -1.187002 15.734356
-0.068594 -12.468125 -20.907591 -13.423173 2.722690 13.756390
-0.230769 -6.118199 -9.706427 -12.780944 -4.190048 12.091593
12.637252 -9.448001 -20.127676 -12.238805 6.523100 -4.616051
-14.703220 6.416389 -2.267554 10.355007 -7.704557 -34.049583
1.474340 -12.769503 -21.857048 -12.099360 3.486105 12.201903
-12.042233 6.183315 -3.188823 6.412826 -4.363894 -26.797253
-3.050082 -10.161605 -13.388340 -12.275282 -1.255104 15.388164
1.279339 -6.103468 -10.141773 -13.354910 -4.303661 10.519693
-1.769278 -7.089024 -12.890590 -13.856083 -0.977204 13.062714
-3.183023 -9.524323 -10.943749 -14.481266 -2.824859 14.692353
-7.036907 -4.263810 7.634170 7.732825 -8.073182 -25.266848
-4.169343 -16.890497 -21.244888 -11.003056 3.005974 18.683640
-3.546343 -15.870777 -19.845528 -11.622060 2.775412 16.254173
-3.512493 -19.102222 -29.067762 -5.920778 9.225639 16.455299
-14.258618 8.559349 -4.761350 9.572957 -7.624887 -34.204605
-22.029110 15.591945 -12.854563 6.010928 -3.346712 -43.566528
-1.124488 -8.826982 -10.384707 -16.636820 -4.755750 15.033146
-2.856593 -9.510316 -12.992886 -15.858876 -2.464361 16.404369
-2.517356 -10.787582 -13.997696 -13.285028 -1.708021 15.614348
-1.710293 -15.198373 -19.094774 -12.097705 2.442283 14.317538
-18.815237 1.932552 17.618965 4.246336 -5.783928 -32.426292
-21.008558 3.988950 15.220196 6.318817 -3.739752 -33.837868
-13.761037 -1.696709 15.551991 4.394003 -7.265561 -28.063688
-1.310615 -14.392365 -18.956381 -13.433704 4.419418 12.275415
-14.191187 6.231147 -2.801691 10.677679 -6.903227 -34.373440
-9.319508 3.510539 6.633821 5.093091 -6.258020 -25.399223
-2.830995 -9.398561 -13.848043 -13.178968 -2.205769 15.481733
-16.956268 7.809463 -3.362511 10.644921 -4.887683 -37.266232
13.896950 4.267319 -14.021425 -3.124862 -2.102070 -23.622147
-17.336073 18.418077 -19.565096 0.098766 -1.674448 -36.420002
0.319121 -6.020783 -13.022876 -13.984654 -1.863415 11.923557
-0.043827 -12.479436 -21.576008 -12.422451 3.285384 13.986785
-23.739367 15.334732 -14.821456 3.019765 -2.765550 -35.062531
-9.012478 -4.239015 8.880553 8.665904 -4.274926 -23.900309
-13.960168 7.100057 -1.862091 6.420072 -7.989343 -26.331968
-17.048170 9.914947 -5.992816 8.873823 -6.828542 -35.755737
-18.108982 3.067707 15.241558 4.824679 -7.089267 -32.133396
-3.204141 -8.780629 -11.822601 -13.728010 -3.824870 16.262989
-11.861239 -1.692177 15.109516 4.983572 -5.783455 -28.412737
-15.978097 16.939837 -17.994802 0.794332 -2.061450 -35.393608
-25.898647 -1.151343 17.125399 7.777771 3.268183 -27.515753
-0.146524 -5.990868 -10.194724 -14.581084 -3.058578 12.554601
-10.246876 11.981107 -9.428743 3.276041 -3.035556 -30.828751
6.296154 0.245092 -18.051901 0.619420 9.074314 -18.979353
-19.961950 3.015606 4.137927 10.910866 -8.958282 -29.769396
-0.047324 -7.201081 -8.810738 -15.069278 -5.683649 13.457973
-23.527332 4.853093 11.965597 7.037296 -1.580826 -31.491449
17.200205 -4.972884 -16.539858 -13.033447 4.891926 -10.009666
-4.249797 -9.699342 -11.158796 -14.739741 -2.774647 15.641761
-19.817291 4.647093 12.360021 5.833198 -5.471554 -32.671928
-15.399683 0.059794 4.156619 13.091074 -5.833652 -33.044720
-7.987068 -12.826820 -12.493947 -13.656639 -2.384855 21.225443
-15.207404 15.594917 -14.532263 1.764151 -2.868813 -33.567970
-18.603504 7.364716 -3.849481 10.930912 -6.222246 -36.297798
0.575920 -4.752686 -9.132527 -14.716047 -4.914670 11.875580
-16.372913 18.270536 -19.921204 0.238330 -1.803139 -36.954674
-18.110035 1.076307 14.928022 5.672019 -3.798264 -27.779421
-4.741939 -19.629347 -28.663153 -5.891999 9.778352 17.240765
-15.582882 11.881334 -10.481128 3.665995 -2.693600 -30.641954
12.939854 -8.974487 -15.281487 -15.339166 1.275819 -1.656621
3.191405 -1.584270 -15.694157 2.053719 9.620535 -16.447954
-30.737356 17.549597 -12.028725 8.146282 -6.214515 -48.284370
-1.905841 -15.108342 -17.011473 -13.360837 1.082448 14.935995
-21.998016 17.402805 -18.751436 2.280634 -3.194052 -37.130173
-17.685490 4.394936 11.779660 4.325686 -4.997292 -28.735252
-18.287872 7.343667 -3.135442 12.111402 -6.224340 -38.949020
-12.614647 2.905221 9.999807 3.723305 -5.139864 -26.029350
-11.206541 -1.687666 9.051613 7.878689 -9.562972 -26.706736
-9.670566 9.795465 -9.197822 6.796232 -6.436367 -33.648018
-15.526351 8.562635 -4.059742 10.352341 -5.354070 -38.749481
-12.633882 14.292589 -19.411734 0.447178 -0.886465 -29.525845
-3.163411 -14.073588 -18.049408 -12.783717 0.834402 16.481167
-21.781189 1.883142 15.618738 4.837746 0.435336 -27.174305
-26.259268 18.000494 -17.746895 3.408570 -3.115633 -39.553123
-1.959271 -13.248800 -14.579595 -12.799474 -0.867090 14.624883
-12.894881 15.279997 -17.128456 1.049173 -2.060974 -34.474155
-18.879175 16.910913 -15.686342 1.283601 -1.278440 -36.559612
-17.752268 12.212609 -4.906625 5.343608 -11.801725 -36.108768
-2.078894 -8.326421 -10.147030 -14.479737 -3.995452 14.266515
0.923729 -5.037620 -8.350771 -12.751451 -5.234159 10.405992
-17.601896 6.339383 -1.878987 12.208988 -8.064784 -37.464630
-20.851818 2.714176 2.678765 10.111296 -4.276719 -28.692587
-19.744335 2.057443 0.482724 11.812466 -5.322899 -29.899946
-3.993488 -12.289920 -18.248409 -11.562358 1.960829 16.433674
-0.596120 -14.890002 -21.133909 -12.547474 3.566646 14.264568
-14.873794 9.576445 -6.850760 8.103307 -6.709494 -34.612984
-21.269142 -0.587602 18.486849 2.262373 0.339594 -24.105194
-22.385351 16.409966 -17.130831 2.457474 -3.150374 -36.968239
-0.716184 -15.570251 -22.690943 -10.904763 5.266309 13.533204
-19.394463 6.301482 -3.805405 7.432241 -4.356947 -29.126270
-27.329018 3.694177 16.312349 7.613081 -1.354317 -34.427677
-21.190271 4.258557 9.106186 6.742362 -0.190268 -26.624378
-17.656610 13.786908 -11.019608 4.036625 -1.379812 -36.539536
-15.723702 17.732088 -20.652700 -0.208718 -1.133077 -35.072895
-0.236200 -6.127937 -8.574451 -12.736612 -4.925973 11.662535
0.644423 -3.351680 -6.289246 -14.000205 -6.173396 10.459804
-14.585933 11.367465 -8.451608 5.600982 -3.352013 -32.675926
-0.538658 -14.721451 -21.541883 -12.314908 4.585905 13.153562
-21.279793 4.731864 12.559902 6.878928 -4.248356 -33.694588
-13.188293 5.880932 -1.805897 8.342997 -6.914834 -28.710033
-1.125992 -6.494416 -8.818448 -13.129274 -5.048460 13.554507
-1.535719 -16.110716 -17.846430 -11.314044 0.181649 15.074990
-10.509791 -3.237121 6.285865 13.573797 -6.560680 -35.006195
-13.171541 6.164574 -2.461411 9.540927 -7.687355 -32.261917
-17.461704 14.778031 -14.385164 1.833173 -0.755158 -32.683952
-25.306099 14.833195 -3.904310 5.708252 -9.202354 -41.361050
-2.531526 -9.360450 -13.797617 -13.324800 -1.295196 14.962212
-30.102350 15.223042 -8.360874 8.801391 -7.297329 -45.604748
-20.215588 4.889815 12.052065 3.498515 -1.305252 -29.298641
-3.319514 -11.259702 -13.070444 -12.677541 -2.309095 16.276426
13.752616 -4.975251 -13.385197 -8.767526 6.071774 -10.123003
-12.060946 2.128362 10.940672 3.991657 -3.696064 -27.172621
-23.014860 2.070562 0.682941 14.220062 -4.599147 -34.624977
-24.701605 2.491100 16.348751 7.178759 0.544542 -30.443607
-29.324638 4.717653 14.916138 6.229353 3.439849 -31.179010
-18.337523 8.343830 -3.998974 11.218356 -6.024065 -38.498592
-24.107721 5.458950 9.118716 8.884624 -0.511691 -35.805500
-2.718542 -14.793782 -20.572107 -11.722407 3.305193 16.180241
-33.287182 16.659912 -10.353339 5.886872 -5.961644 -39.064030
-2.259416 -14.053784 -19.593693 -13.007813 1.914980 15.718816
-31.848591 15.446756 -8.525513 6.962521 -6.677047 -41.228485
-21.325792 6.589145 -2.042315 6.853012 -4.294312 -30.506399
-10.344271 14.849603 -16.049723 -0.084226 -1.809837 -29.567476
-2.143821 -9.629702 -13.474035 -15.215299 -1.602998 14.915779
-4.658586 -18.404993 -28.286619 -5.060982 8.556332 17.295193
-23.946661 3.526533 13.980727 6.353951 -0.545219 -33.134144
-12.784408 3.883551 8.523269 1.998808 -2.195263 -24.399374
-12.126222 13.650758 -12.474618 1.606347 -2.213311 -30.590450
-9.361694 0.886057 6.568547 5.475463 -9.076315 -22.638948
-1.486493 -6.676050 -10.111225 -13.609896 -3.644973 13.268666
-16.780682 6.558519 -2.332521 11.988729 -7.983036 -36.928364
-5.135185 -20.508522 -29.652920 -5.233813 9.716556 18.282360
-2.886884 -10.364110 -14.936828 -13.017864 -0.236728 15.029860
-25.714718 14.553917 -10.340199 6.931764 -3.721655 -39.617149
-3.758872 -9.698572 -10.848026 -14.255803 -3.252004 16.298759
-15.073192 15.864013 -17.167461 0.766860 -1.852135 -32.749794
-10.087874 -2.584585 13.976725 4.116616 -11.615313 -24.265726
-5.970706 -0.477996 10.095428 1.937606 -13.169711 -17.455948
-25.061930 12.068447 -2.071330 5.142044 -5.466183 -37.347031
-19.397102 15.287446 -13.532553 3.591508 -2.075091 -36.509113
-1.274202 -13.759438 -20.249491 -14.233917 2.991930 14.511564
-19.388695 16.266872 -16.552565 1.431750 -1.942562 -34.795017
-3.611198 -11.909042 -15.590986 -13.986237 -0.854833 18.016266
-0.401456 -5.904546 -11.705663 -15.287429 -4.053709 13.939853
-17.438759 1.947286 14.928411 2.678453 -2.608352 -29.581539
4.324827 -0.954842 -10.819942 0.724795 6.268875 -13.150329
-25.113674 1.672137 15.820873 7.386697 -1.250275 -31.529507
-17.806746 6.396928 -1.647373 13.059260 -6.268413 -40.103252
0.477036 -5.037423 -7.088890 -16.988943 -6.245302 11.206212
-16.447462 6.869176 -3.420278 10.984591 -6.844495 -35.925411
-13.943793 6.489209 -1.124010 8.550201 -4.525285 -30.785816
-1.780612 -15.734209 -22.208454 -11.129082 4.704796 15.017481
-21.942724 4.368354 14.387879 7.653883 -4.529434 -35.455441
-11.659194 2.516490 9.870057 1.635724 -3.355112 -23.834326
-14.520945 16.786215 -22.014055 -0.285682 -0.349279 -33.452862
-3.722706 -10.959685 -11.816483 -14.596824 -2.160836 15.671285
-14.287356 -1.884710 15.861974 1.255359 -3.920297 -18.619402
-20.573524 5.407281 -1.188362 7.706944 -4.508086 -28.906277
-4.389444 -12.005695 -11.832605 -13.549593 -3.571772 17.064871
-24.264643 4.899612 12.322163 6.091697 -1.206040 -33.249039
-14.482327 18.341757 -20.036903 -0.075185 -2.484303 -36.483788
-3.436201 -11.433700 -13.186645 -13.283826 -1.842503 16.269279
-0.961987 -6.998775 -9.862586 -12.040612 -4.542048 12.991168
10.035342 -9.844831 -19.242659 -0.154377 13.158317 -11.565246
-2.786103 -9.976717 -13.358677 -14.549961 -2.004251 15.902198
-15.518999 2.303068 5.885731 13.643062 -9.006673 -36.624294
-17.321598 6.157949 -1.736884 13.106418 -6.873613 -39.078720
-18.457470 11.531096 -7.780644 6.303709 -8.441337 -34.356064
-1.810707 -8.162357 -13.182062 -14.697482 -3.191088 14.960655
-18.381044 3.882618 0.674794 11.965388 -9.226173 -34.975414
-2.752858 -13.224667 -19.751921 -13.654373 1.425885 17.207010
-0.544246 -6.736840 -9.842945 -12.440804 -4.857412 12.779316
3.035570 -1.860334 -16.381294 2.272457 9.750644 -15.094319
16.534021 -3.891681 -17.295834 -4.573276 1.901507 -15.634883
-15.529094 9.159714 -5.926013 6.774385 -3.800840 -31.614464
-1.070107 -8.794262 -13.910197 -15.193520 -2.487211 14.981664
-1.067876 -7.070063 -10.477143 -14.720872 -4.001046 13.564927
-3.707768 -11.672370 -13.310722 -18.313675 -1.086297 17.112480
-16.608259 1.132968 9.674623 9.674006 -3.829572 -31.113213
-1.899773 -10.498727 -16.561474 -13.386198 -0.495502 15.492492
-23.678772 2.775521 15.104699 4.569777 -1.836951 -29.406013
-18.631212 3.735880 0.662698 14.001400 -6.605737 -38.443005
-1.859128 -13.856211 -20.227638 -12.669174 2.651739 15.380383
-2.425725 -13.495446 -18.154737 -12.707687 0.606486 16.279871
-12.908745 0.606257 7.350801 9.318328 -7.544828 -28.370926
-19.095032 3.957160 13.305536 6.657842 -2.954937 -32.967583
-26.259354 5.129840 14.492567 6.453418 -1.158800 -33.783791
-5.797728 -19.311947 -28.868612 -4.763477 8.971441 18.384779
8.588197 -13.905056 -28.583174 -1.656330 18.410175 -5.786710
0.553581 -5.138679 -8.691069 -14.031269 -4.643867 11.605932
-6.261423 8.280838 -8.095754 5.575449 -3.905050 -30.353952
-21.741974 2.586398 16.211664 5.797515 -3.540229 -32.404728
-17.812506 4.206078 -0.089381 8.408150 -4.512685 -27.981400
-19.166056 2.250797 1.007206 11.942535 -6.072617 -30.573191
-23.458799 12.531515 -4.864433 9.364506 -8.507967 -43.963009
-16.025703 13.580107 -13.323421 3.689550 -1.372475 -35.166153
-2.106988 -18.593405 -21.511845 -10.031075 3.455921 16.019268
-20.719404 6.044900 9.476189 7.415030 -6.203247 -33.890572
-17.522730 5.061879 0.026472 12.010642 -6.804168 -38.055817
4.070956 -3.369010 -8.380056 -14.093305 -5.333939 7.380547
-19.356754 8.314885 -4.141171 11.170135 -5.255845 -38.843586
0.586239 -11.575046 -21.338791 -12.659600 3.340441 12.857532
-3.651146 -12.375875 -14.895299 -13.356221 -0.818226 16.873119
-11.203585 13.701509 -14.238552 1.070970 -2.497645 -28.152874
-3.310971 -14.430609 -19.595173 -13.757825 1.482702 17.854673
-1.804086 -14.451675 -20.577419 -12.436418 3.460129 14.642414
2.553123 -4.911592 -9.138093 -13.812424 -4.840799 9.311241
0.224768 -5.723372 -9.841823 -12.569542 -4.707715 12.055021
-8.405469 -1.267202 12.142149 3.694881 -10.896515 -21.777578
-20.142529 4.396104 -2.272127 9.204883 -2.875080 -28.544296
-3.508476 -9.677430 -11.890889 -14.733850 -2.662157 16.028727
-4.196140 -19.542444 -28.639067 -5.930188 9.339578 16.977076
-17.389595 16.322802 -16.576244 1.114979 -1.814470 -33.947006
-1.456564 -7.079969 -11.216092 -13.598588 -2.683594 13.620324
-1.624982 -15.046937 -17.973122 -12.753715 0.412120 16.183273
-21.019566 5.884268 -1.279981 14.101928 -6.604578 -40.612682
-0.295470 -8.277434 -10.384472 -14.254268 -3.550092 12.703202
-3.356644 -9.986062 -13.336524 -12.994762 -0.612484 14.819054
-15.789949 6.416798 -2.502964 11.368078 -6.702798 -35.616531
-15.116696 15.782018 -14.609570 0.733187 -2.186873 -31.983112
0.067338 -12.377867 -16.240417 -12.873139 1.441446 11.832294
-10.039739 12.122197 -14.384634 0.782750 -0.661929 -28.987200
-14.611539 6.461464 -2.604808 11.003540 -6.106931 -36.196678
-14.285255 12.235822 -13.987602 1.831392 -3.056137 -28.835880
-26.665972 12.666538 -1.381772 4.621879 -5.150548 -35.994537
-20.812153 13.773007 -3.514616 5.581948 -13.455228 -36.584904
-1.993205 -17.225721 -23.261084 -9.726936 6.284792 14.586907
-4.236734 -11.062991 -15.825257 -13.828200 -0.485709 17.590927
-18.595776 5.601046 -0.871694 12.429290 -4.363054 -36.992130
-3.103074 -15.118388 -18.293587 -12.674240 0.946139 17.160507
-2.573087 -9.591772 -14.811247 -15.252619 0.345353 14.837046
-12.641079 0.447962 8.122629 7.193742 -7.768815 -26.024588
-3.185209 -12.334712 -13.106159 -12.327111 -2.038709 16.024658
-11.812261 -0.190228 7.281943 8.539970 -7.609553 -26.387852
-31.810802 16.150648 -9.700234 5.780940 -6.093236 -38.453030
-19.618448 3.471707 13.687342 6.548080 -7.308150 -33.553120
-1.452881 -7.592702 -8.428760 -14.433345 -5.741055 14.323830
-19.988087 4.205556 12.762455 7.083633 -3.112348 -32.336224
-3.667620 -10.747896 -9.713868 -15.415100 -6.597722 17.646313
-12.650833 16.543571 -22.452822 -0.272282 -0.184799 -33.689148
-21.087345 1.040249 2.507748 13.428260 -4.270120 -34.397652
2.231927 -2.677264 -6.121281 -14.469053 -6.352115 8.728720
-13.412181 6.300109 -1.890305 7.035291 -6.220947 -27.282598
-21.703632 12.301598 -3.360669 7.299428 -10.873055 -39.312180
-18.304823 4.743151 -0.085928 13.856156 -7.121439 -38.923084
-23.388647 15.049326 -5.035969 3.603768 -11.976530 -35.887379
19.100817 0.327715 -15.371364 -15.122438 1.765631 -13.979972
-23.233568 2.539582 13.290606 7.667566 -1.825501 -27.752256
-14.418053 3.217262 4.149184 13.514653 -7.991208 -36.641991
13.384322 -0.375337 -12.968009 -2.506591 -4.332339 -20.182562
-10.449617 -2.826220 17.923510 1.430947 -6.579950 -22.290758
-11.963274 2.586525 1.451047 12.149976 -8.668592 -31.135641
-14.257154 17.029243 -21.764587 -0.205000 -0.556402 -34.096535
-16.920378 6.642409 -2.867764 11.311810 -5.998940 -36.238422
-17.657888 1.775408 14.457830 5.404425 -2.241004 -30.171364
-4.060762 -8.981991 -10.309516 -13.646964 -3.356702 15.092273
-1.925311 -4.897285 -10.165869 -16.479565 -3.027488 13.615967
0.404763 -6.703345 -11.607167 -13.636311 -2.709583 11.599828
14.714992 -2.149067 -23.118750 0.667549 6.552814 -16.718664
-0.794832 -13.579906 -19.556637 -12.074009 3.487979 13.623528
-2.020615 -13.555902 -16.212994 -13.579687 0.326393 15.585385
-1.449515 -8.519935 -13.197694 -12.844169 -1.307900 13.909323
-18.643190 5.081871 -0.880327 13.230557 -6.593690 -38.182831
-8.665835 13.892691 -14.484494 0.257011 -2.132669 -28.371881
-7.170447 -1.573614 7.369362 8.093964 -8.311420 -25.582954
-12.433220 0.298886 14.273946 0.969794 -3.200273 -21.144369
-2.666438 -11.651032 -16.504143 -13.723122 -0.477739 16.435932
-12.744258 15.071689 -16.992531 0.175086 -2.053561 -30.539762
-16.871691 15.954466 -11.893512 2.976007 -1.787465 -37.230839
-12.979802 7.930190 -5.870629 6.765124 -4.903069 -29.695915
14.985334 6.338254 -17.437761 -1.151313 -1.816643 -26.795156
-12.852801 8.390012 -4.741499 8.274108 -6.987769 -32.523952
17.273983 -2.858610 -15.204725 -9.723590 3.872864 -13.657309
-27.832054 17.938290 -16.286903 2.703452 -3.320196 -37.238060
-24.193333 16.207556 -11.319992 5.614870 -7.606438 -43.845604
-19.085571 7.549303 -3.446392 11.867033 -5.444075 -38.553650
-12.220556 -1.285679 8.584738 8.162672 -6.568272 -26.543224
0.997972 -5.883950 -9.929874 -13.208508 -4.338084 10.676205
-12.281172 7.945592 -4.416543 8.910722 -6.723251 -35.607819
-15.719752 9.115384 -5.989306 8.903100 -6.309660 -35.656376
-17.303886 13.615911 -11.718113 4.392770 -3.414111 -36.589397
-11.538323 0.824332 1.553579 5.456117 2.436257 -17.816866
-24.208366 16.278021 -13.572598 4.162767 -2.020536 -38.725243
-12.714291 6.310834 -1.873989 8.099806 -6.995311 -28.980095
-18.015341 18.309351 -19.973234 0.095711 -1.430205 -36.039719
-2.739722 -14.862700 -20.288988 -13.007584 2.733505 16.434172
-17.830416 16.890808 -17.595854 0.680133 -1.288548 -34.160526
-1.055166 -12.321110 -16.185257 -11.563977 2.288866 12.072425
-15.943493 18.205891 -20.528868 -0.116879 -1.772008 -35.799629
-16.994461 6.297200 -2.228904 12.063280 -7.090536 -36.928028
-19.009279 14.069428 -6.834130 3.966283 -7.659239 -38.686325
-4.215934 9.773932 -7.710683 2.224299 -1.759284 -26.001966
-20.390512 12.031284 -3.503810 7.110691 -11.793690 -38.391502
-3.655921 -8.273400 -5.329923 -16.052135 -6.018680 14.978220
-24.135159 4.332041 13.089280 6.770414 0.846839 -31.022259
-12.927514 -3.747341 19.198021 2.111702 -6.003102 -22.465387
-2.527223 -10.679312 -16.100718 -15.180904 0.856658 14.965825
-18.722612 0.436107 17.473789 3.219220 -1.500655 -25.848427
-3.423158 -14.276094 -16.590694 -12.871979 -0.840558 17.180111
-17.468323 3.602335 13.563935 4.297848 -5.905681 -30.481867
1.728496 -4.866160 -8.189235 -12.843189 -5.779154 10.209164
-23.151346 14.462187 -10.905022 5.432064 -4.217144 -37.046684
-30.460974 16.146982 -6.555841 6.240966 -8.928905 -44.060699
-18.399744 3.926660 1.257809 14.028088 -5.971325 -39.200684
-15.291251 2.206939 10.862581 0.804397 -0.012884 -20.901518
-17.269201 12.883331 -15.092587 2.891227 -1.831527 -30.355810
-30.971682 16.885437 -10.430205 7.493857 -6.557384 -46.279526
-18.306877 6.867917 9.183739 2.368125 -4.331444 -25.821665
-18.455742 18.337399 -18.447044 0.744649 -1.914058 -37.099129
-13.682124 0.347196 7.349720 8.685863 -9.788181 -28.906668
-13.563348 5.382541 2.268301 5.691786 -6.471924 -27.572689
-17.117064 -1.484834 14.461399 5.203812 -2.512961 -22.078514
-0.093856 -14.230162 -18.206011 -13.344951 1.949869 12.965757
-0.190907 -0.868656 -11.498581 1.006919 10.534721 -17.045286
-2.360466 -10.189436 -16.974876 -13.354296 0.861597 15.310649
-16.975746 13.679133 -11.601273 4.589767 -8.011250 -35.000820
-12.752930 14.595717 -17.963299 0.329076 -1.690291 -30.125586
-4.224104 -10.479280 -12.524321 -12.125030 -3.199634 17.428429
-4.127339 -12.480621 -14.972567 -14.541393 -1.668043 18.547174
1.831425 -9.826177 -18.772833 -14.107647 2.718143 11.428710
-27.654810 13.466071 -2.245237 4.550673 -1.920165 -41.266262
-1.516086 -8.702969 -13.885716 -13.431018 -2.011649 13.945803
-16.042261 6.106626 -1.754717 12.225491 -7.402525 -37.351353
-17.875885 16.204662 -16.202938 1.238245 -1.495146 -34.089832
-2.616697 -14.589360 -16.706497 -14.276845 1.128416 15.785249
-20.144085 -0.386015 1.610951 13.822180 -3.241358 -31.582726
-22.254354 16.205818 -14.315392 6.911672 -5.738262 -43.474480
-12.123608 15.072508 -19.504509 0.898001 -1.505902 -32.518112
-11.026804 -4.735937 17.142103 3.630974 -8.174130 -20.761185
-3.913519 -12.783198 -15.099598 -12.991670 -1.014151 16.661634
-30.139471 14.330066 -8.393875 5.491159 -6.584869 -34.746281
1.089768 -8.077325 -17.334883 -14.616742 1.106618 12.478069
-21.654749 5.570638 10.894681 7.330833 -5.666988 -34.103649
-2.167877 -16.051905 -21.081205 -11.389181 2.752797 16.123417
-7.681244 -5.383034 5.329026 13.836830 -9.867593 -31.011198
-18.843431 3.209240 1.690984 11.804368 -7.129812 -32.875881
-14.212893 -0.556581 10.693497 8.812406 -5.855858 -28.414574
16.753769 -11.151763 -12.945593 -9.152267 4.650485 -10.621222
-14.426756 12.222273 -9.718681 4.954575 -2.341951 -34.602398
12.329401 0.694354 -25.019001 0.242739 6.794684 -18.545959
-1.320178 -9.421279 -14.654205 -13.446518 -0.052872 13.499281
-10.865330 -0.644798 14.888305 1.218015 -4.406216 -21.281910
-0.757125 -5.097710 -9.601426 -14.618637 -3.583863 11.952472
-1.042118 -16.839058 -20.530706 -11.262824 2.437823 15.239902
-33.077385 13.280672 -6.676147 6.901696 -3.686412 -34.393517
-2.910200 -13.943234 -19.373049 -12.751787 2.288532 16.229773
-26.775364 15.692411 -12.203743 5.430266 -2.219755 -39.196339
-19.200666 16.787518 -16.635872 1.281115 -1.100345 -37.156898
-3.837670 -11.021668 -10.920736 -13.249189 -3.403722 16.086039
-17.293516 15.886146 -12.782279 2.797545 -2.665311 -36.956215
-7.778627 -7.320624 5.256248 14.608428 -13.465103 -30.707458
-15.948143 12.653874 -16.537579 1.617768 -1.936885 -28.799477
-2.910659 -10.512794 -12.186634 -13.296000 -2.723141 15.036729
-4.011263 -19.554892 -28.261221 -5.829933 9.410438 16.498112
-0.327270 -11.207276 -16.610613 -15.107626 0.673815 12.796594
-2.775258 -12.858505 -15.257172 -12.619464 -0.439112 15.986425
-5.048278 -18.621647 -27.349741 -5.503639 8.139788 17.598339
-2.666121 -10.908991 -14.167442 -13.605359 -1.899654 15.431951
-18.816042 5.399888 -0.976048 13.494648 -6.684375 -38.888752
-10.844372 -0.896584 13.756594 1.158182 -3.093651 -20.684982
-18.573603 7.197926 -3.003031 12.477752 -6.271550 -39.749779
-15.262501 5.520973 3.236848 12.479458 -6.913410 -39.653545
-14.512677 12.889730 -10.023565 3.976731 -0.905339 -35.615795
17.853531 -7.300673 -21.882885 -6.437801 9.910971 -12.475991
-1.109597 -7.792467 -13.502784 -12.535192 -2.010048 13.443364
-0.954466 -10.734033 -11.965682 -15.143600 -4.065971 14.842554
1.608352 -5.400916 -8.884982 -12.818664 -5.535601 10.579872
-23.466219 15.798405 -12.664244 3.787133 -1.642831 -37.153950
2.318789 -4.050967 -7.817888 -12.838218 -6.132750 9.223864
-1.266058 -8.310121 -13.917212 -12.084618 -0.321345 13.435921
-17.293335 2.383329 3.808652 10.785104 -9.391230 -31.234425
-17.351732 16.910543 -19.315056 0.719287 -0.518139 -33.718281
-1.105317 -8.167798 -15.625906 -13.854237 0.824545 13.020077
2.370277 -6.249467 -11.858912 -15.189694 -3.098708 10.761796
-3.520548 -19.050503 -22.655916 -10.409886 4.103817 18.210133
-20.058649 3.742220 6.702514 6.681612 -2.750957 -25.634789
2.413349 -4.234788 -8.609575 -14.353901 -4.793208 8.993244
-2.552577 -11.375647 -14.940083 -15.037165 -0.276226 14.633210
-0.919289 -6.321099 -8.979011 -14.186570 -4.063337 11.849197
-20.496746 12.630070 -8.167950 6.329175 -1.786313 -38.651985
-15.927075 3.960082 4.170156 13.803558 -8.090005 -38.046627
-1.842096 -9.377664 -15.341838 -14.132571 -1.002067 15.668347
-13.074251 -2.793103 7.052022 13.628545 -3.381180 -35.132973
-14.553716 15.201358 -14.111894 2.014377 -2.546603 -35.217628
-16.467619 6.473603 0.671034 7.061099 -7.625358 -28.561117
0.500044 -5.735187 -7.989361 -13.472180 -4.689576 11.426554
-13.094640 0.742367 15.831516 0.957409 -4.094941 -24.822435
-19.835321 5.503510 -0.871802 13.432334 -6.226381 -39.043392
-11.509241 8.225361 -6.660517 4.791361 -5.678504 -26.254272
-15.806165 15.104233 -16.416983 1.816951 -1.760499 -32.988647
1.972701 -5.111947 -10.067449 -13.762962 -4.045335 9.729476
-0.131126 -15.124865 -21.840321 -11.290833 5.252793 12.452065
-15.499680 3.071326 13.091176 3.386591 -3.733727 -27.106497
-2.485680 -11.793712 -18.162354 -12.420115 1.954015 14.942023
-8.260722 -2.837503 12.774076 4.129851 -11.860483 -24.256321
-12.684023 4.209562 8.364205 5.457460 -5.139238 -27.284746
-6.157588 -13.493879 -12.004677 -14.468057 -1.094714 18.512505
-19.036381 6.476614 -2.446801 12.613490 -6.001249 -37.985962
-19.905741 6.431053 -1.893020 12.200683 -4.646056 -37.675098
-2.112381 -8.175932 -10.135020 -13.993626 -3.292914 14.070408
-8.331191 1.379782 6.276266 5.823213 -8.895337 -23.147926
-3.130738 -7.185818 -10.096303 -15.042698 -3.721284 15.374881
-18.686394 0.433820 3.497000 12.698837 -6.673765 -31.067699
-16.831799 15.125206 -12.398255 2.151304 -1.969630 -34.204521
-0.056574 -5.580971 -8.659092 -12.607878 -5.416404 11.712097
-9.998666 -1.457073 11.640446 5.956809 -9.123562 -25.131523
-3.853285 -10.636844 -13.689469 -12.986456 -3.313123 17.874466
-4.823986 -11.380649 -11.276141 -12.187346 -3.290331 17.157242
-1.743774 -16.268148 -22.622458 -11.373644 4.648279 15.094357
-11.573483 13.955110 -12.319235 1.335373 -2.489658 -29.851688
-19.750553 14.442019 -14.575644 2.480672 -3.079844 -31.623087
-1.342518 -9.667395 -12.282459 -15.898028 -3.452563 15.662238
0.011399 -5.377702 -8.681166 -13.099915 -4.727744 11.334804
-14.579128 14.641071 -14.663973 1.933805 -3.146895 -33.459763
-2.820585 -9.096882 -11.504530 -15.845962 -2.395095 14.483559
8.223511 -10.092984 -23.186344 -5.031557 16.712536 -7.651942
8.382187 -11.880337 -19.286123 0.978952 13.572916 -12.149016
-9.978225 7.605211 -3.383688 8.474445 -5.210116 -33.702412
-1.868630 -6.128138 -8.006792 -15.509093 -5.279712 13.896649
0.459293 -10.731481 -17.994164 -13.420808 0.293450 13.829228
1.559534 -4.932128 -9.020117 -14.151215 -4.763879 9.803407
-27.275524 15.644014 -11.639595 5.427292 -4.175202 -39.421406
-2.751147 -9.302155 -11.048793 -14.328471 -3.045087 14.955476
-2.335090 -10.671592 -16.030348 -14.213739 -0.403351 16.025070
-18.826582 6.440711 -1.632628 12.752359 -4.851074 -39.254135
-3.460202 -10.340195 -13.653253 -13.654282 -1.558893 16.521719
-24.060112 4.059105 13.813804 4.597385 -1.059809 -28.933853
-14.341743 11.809093 -9.777586 5.067072 -3.275875 -33.125469
-18.353848 0.938283 3.473725 13.614881 -8.250000 -34.583385
-18.674026 15.979142 -12.146166 2.797641 -1.124734 -36.662731
14.325557 -5.904971 -9.978832 -9.028964 3.606968 -16.097738
-16.227802 16.113413 -15.238076 1.690485 -2.905147 -35.174023
0.833775 -5.056938 -9.046696 -13.066177 -4.833810 11.101257
-9.658786 13.553217 -16.027897 0.175575 -1.664876 -28.206766
-17.637899 17.843431 -19.507051 0.191402 -1.177938 -35.697620
-5.807421 1.453352 -2.338383 0.571512 6.935325 -21.538727
-2.760969 -14.054882 -16.992216 -12.470452 1.454682 14.791246
-25.488447 15.513124 -11.958438 5.257061 -3.020275 -39.251965
5.440348 -14.187897 -23.810026 -4.851605 15.582141 -2.322936
-15.816401 7.226053 -4.540284 9.894149 -6.924719 -34.591518
-17.883499 9.229733 -5.806685 9.409118 -5.218331 -37.636494
-19.739824 8.078544 -0.402793 11.317595 -6.128204 -37.941101
-23.100235 4.202386 -0.861382 12.262701 -7.413468 -32.447956
1.198450 -5.148668 -9.038685 -12.724916 -4.993499 10.495601
-5.251106 -18.618027 -28.012178 -5.336937 9.046188 17.511162
-3.522390 -10.761129 -12.667853 -13.016238 -3.091133 16.452570
-26.238529 2.864598 15.607604 5.050043 3.520789 -26.823071
-25.155268 16.397633 -8.418601 4.183992 -9.296906 -41.142048
6.626901 -9.987804 -24.222305 2.198307 17.416378 -11.301557
15.362513 -10.503208 -18.624924 -3.720319 8.561175 -10.755385
-19.328251 1.977494 15.419639 3.439265 -1.003114 -29.985167
2.638687 -4.133863 -8.812881 -13.858495 -4.621693 8.422973
-17.217308 -1.024075 16.971174 5.360401 -5.248563 -31.001509
-1.310692 -15.658475 -19.761250 -10.632647 1.810745 15.336853
-12.909697 12.644565 -15.586046 2.017928 -0.344606 -32.189735
-6.153255 -12.668426 -17.976509 -11.433345 -0.083679 20.353788
-16.565966 -0.417024 15.994775 2.172475 -0.983993 -22.365448
-22.972467 3.988334 14.681340 6.909518 -4.803264 -34.074207
-16.554762 5.698520 -1.803769 10.756339 -4.592013 -34.455242
9.126369 -4.178553 -18.751619 -1.132598 9.079256 -13.884926
-2.281488 -9.583352 -12.044175 -14.544360 -2.927011 16.187016
-12.863048 12.936626 -11.149670 2.911100 -1.949421 -30.861788
-7.362360 -4.961353 5.146873 13.690485 -9.934249 -31.558567
-12.741994 6.415887 -3.084172 7.101180 -6.286769 -27.039097
9.518468 4.995380 -12.797666 -3.037580 -3.001965 -23.609816
-2.365607 -8.620430 -9.423790 -13.072723 -4.469943 14.298695
8.865318 -2.363137 -11.672359 -5.398790 6.012316 -15.202723
1.068620 -5.312766 -8.429959 -12.954811 -5.485425 10.789451
-14.646008 15.315413 -14.318250 1.631723 -2.665654 -32.924404
-22.104725 5.009650 12.001786 6.874946 -4.496070 -33.750843
-10.669262 -0.219505 8.196235 6.618927 -9.718940 -24.840578
-3.979414 -9.198406 -10.997430 -14.032462 -1.741537 14.835636
-14.669350 14.909276 -16.309923 1.052588 -1.634203 -31.979349
-0.264774 -6.758921 -10.528557 -13.284305 -3.791459 11.752971
-14.250021 16.339773 -19.986506 -0.349739 -0.816402 -32.759575
-17.648243 4.640318 9.517477 5.444838 -7.001719 -27.216663
-16.995365 11.845160 -10.010889 5.863995 -2.105983 -31.920963
-12.154784 6.592958 -3.636910 7.614997 -5.378422 -30.181713
-18.743496 12.518280 -10.453315 4.407647 -1.615938 -33.705700
-22.591438 15.277704 -11.834232 4.321667 -1.629975 -37.229187
-21.632593 14.998578 -12.286044 4.463790 -4.240208 -38.495628
-20.184101 3.677627 12.220068 6.849432 -4.187268 -30.675644
-18.999245 16.499908 -20.424278 1.080312 -2.537463 -34.941917
-11.609110 7.927168 -4.966167 7.990602 -7.343555 -31.247164
-28.907351 11.745932 -2.106369 7.324127 -5.283205 -37.026787
-18.306488 4.439490 13.252106 3.929131 -3.306648 -28.304459
-18.616077 4.987286 11.783218 2.651845 -0.910218 -29.446154
-24.780617 4.566382 16.133146 5.615547 -2.804165 -33.505936
-2.495009 -7.038743 -9.635314 -14.496337 -4.214169 14.816527
-20.028782 17.417982 -15.460964 4.086616 -3.599663 -42.635216
1.738074 -3.667280 -8.272278 -13.504936 -5.218640 9.388455
-4.208994 -16.347595 -23.160179 -10.753316 4.625345 17.882839
-11.796186 0.705771 10.064795 6.508122 -8.579195 -26.228035
-3.744301 -19.491165 -29.315929 -6.099217 9.894584 16.428741
-18.587879 1.214687 15.815501 5.621481 -2.383482 -30.864094
-17.690041 0.361882 14.237740 4.458937 -4.737647 -25.378399
-14.633152 17.129446 -18.899458 -0.087352 -1.449828 -34.564640
-31.317968 16.720455 -9.623656 6.951192 -6.163486 -45.250736
-0.447243 -14.389222 -18.801601 -12.140710 2.527644 13.238901
-12.151250 12.607918 -10.591690 2.372337 -1.992519 -30.817305
12.796291 -10.345469 -25.785988 -9.597687 9.679528 -3.888444
-13.847762 14.651024 -18.529509 0.693048 0.008002 -31.763454
-0.801560 -12.166391 -19.923325 -14.033968 2.672475 14.586821
-18.847052 16.194914 -19.009724 1.159960 -2.508933 -34.577770
-13.857124 1.234815 14.787138 3.167657 -3.961493 -23.623373
-14.078248 6.796519 -2.148966 7.777248 -7.226219 -28.642918
-17.214424 6.655074 -1.270295 11.270601 -5.512535 -38.318707
-15.759686 16.532885 -17.116779 0.218878 -2.003791 -32.374195
-19.881987 1.467649 2.389754 10.389820 -4.245836 -26.560471
-13.125060 13.110069 -10.185484 2.113976 -0.851256 -31.665979
9.470381 -4.262316 -21.197748 -0.543562 13.293272 -16.995687
-8.686397 9.490663 -10.176436 5.399509 -4.167209 -30.316612
17.937315 -5.260467 -16.659311 -4.354002 3.213438 -15.547764
-15.503390 2.924250 4.385902 13.866347 -8.088878 -36.866043
-6.387425 -12.736744 -12.238011 -17.182991 -1.466456 19.120354
-11.348907 13.807225 -15.836844 0.785770 -2.437980 -29.028597
-4.533798 -10.268072 -12.400095 -13.156651 -2.607790 17.222603
-19.018688 6.820097 -2.782990 12.344308 -6.052308 -38.841175
2.234616 -3.301916 -9.639804 -13.939970 -4.035245 9.718663
-13.297344 1.462352 4.529916 10.312366 -5.909123 -28.277681
-15.937839 2.861289 13.508192 5.325687 -5.586044 -29.406807
-24.133707 14.145464 -4.173677 4.587677 -12.943819 -35.420338
-15.432625 17.009398 -21.665276 -0.122809 -0.528423 -33.769276
-11.454680 13.417853 -13.706628 1.601700 -0.640844 -31.656235
-15.834262 6.610811 -3.211785 11.697120 -7.704068 -35.758972
-17.539660 6.096025 -2.137388 11.965177 -7.312636 -36.793705
-1.890339 -14.728864 -19.094608 -12.517666 2.235702 15.298111
-2.199635 -12.148498 -15.126389 -14.763857 -0.970696 15.700007
-2.086253 -8.326497 -10.591725 -14.002056 -3.891801 13.748189
-2.861102 -11.397999 -15.370138 -13.229473 -0.268504 15.728871
-22.100307 6.450969 9.771305 5.387256 -2.955534 -29.149715
-16.914202 2.410429 14.279515 4.819091 -2.388141 -28.413916
-28.642492 15.690043 -9.314736 5.146523 -6.114027 -39.569248
-18.054390 3.175781 12.554249 6.342993 -6.497434 -31.639074
-7.640215 -19.286636 -17.053461 -12.428968 -0.678842 22.967028
-3.029381 -14.469083 -18.320061 -13.187924 1.280935 16.500584
-17.234520 7.228456 -3.140433 10.862246 -5.195096 -37.295940
-0.836393 -9.155817 -15.582873 -14.713369 -0.399088 14.662448
17.403940 -6.378302 -18.534458 -5.544343 5.250854 -14.508053
-1.717585 -14.301397 -20.404932 -12.404555 2.029230 16.033264
-17.806854 15.239799 -12.972551 2.754320 -2.391563 -34.668999
-20.645445 -0.856330 3.085757 15.370430 -5.676460 -34.854301
-0.816454 0.350583 -15.034097 2.236016 11.037607 -17.169500
-17.930634 3.605100 12.722404 5.766156 -4.392463 -30.469717
-21.879995 3.656014 14.554933 5.363262 -3.462249 -30.258535
-13.420201 15.967972 -19.308609 0.313542 -2.105123 -32.198372
-2.623744 -12.628723 -13.041775 -12.344086 -2.053601 15.123295
-17.710924 7.979849 -4.274944 11.309264 -7.661662 -37.452671
-26.359737 18.089687 -15.565946 3.364476 -5.051589 -39.495708
-18.883909 3.315614 3.702970 9.665886 -8.118378 -29.366880
-17.175665 1.451777 15.447450 4.106276 -0.141218 -26.784061
-3.868593 -18.095516 -28.063351 -4.898761 8.486311 16.235415
-0.106567 -6.106569 -9.905437 -14.182458 -4.084414 11.974494
-18.152376 4.771308 -0.503832 12.967169 -5.621654 -37.420902
-15.048255 16.086958 -17.635696 1.436136 -2.206540 -34.270199
-25.516870 4.382541 14.834717 6.770142 -2.779141 -32.745647
-17.792513 12.638854 -12.595829 4.199414 -3.313371 -32.903229
-1.587385 -13.469852 -20.083292 -11.757647 2.303975 15.083976
-2.703944 -11.971799 -14.206912 -13.267426 -1.189908 15.269639
-21.940956 1.543736 15.411747 6.006141 0.216154 -31.221395
-23.200853 2.553894 13.325898 4.621715 0.870680 -26.292030
-2.093641 -14.101460 -18.571602 -14.139625 0.690196 16.760168
-20.655457 -0.732828 19.503326 3.747676 0.309937 -29.169434
15.112018 -8.505295 -25.125906 -7.625835 9.848292 -7.962404
-20.216263 2.266520 17.251379 5.031664 -4.923932 -31.282595
-2.064097 -14.314279 -21.769037 -12.497017 4.074793 15.647263
-20.599899 2.835711 15.011210 7.448478 -4.483696 -33.209621
-25.442217 1.713194 15.481585 6.107070 1.120378 -27.117027
15.718476 -0.746725 -23.883223 0.466807 6.145873 -19.856783
-13.737267 -0.532768 14.959193 3.764074 -5.238960 -27.315353
2.196760 -4.396530 -8.809388 -13.842269 -4.702577 8.853230
-0.591445 -5.638383 -9.081254 -15.943885 -6.161852 13.656031
-2.578827 -8.468050 -14.485971 -13.626164 -0.516151 14.812592
